# Probe 0 (-45 0 0)
# Probe 1 (6 0 0)
#       Probe             0             1
#        Time
            0         5e+06         5e+06
        0.001         5e+06   4.02438e+06
        0.002         5e+06   3.88729e+06
        0.003         5e+06    3.8503e+06
        0.004         5e+06   3.81326e+06
        0.005         5e+06   3.76996e+06
        0.006         5e+06   3.71978e+06
        0.007         5e+06   3.66525e+06
        0.008         5e+06   3.60847e+06
        0.009         5e+06   3.55012e+06
         0.01         5e+06    3.4902e+06
        0.011         5e+06   3.42834e+06
        0.012         5e+06   3.36408e+06
        0.013         5e+06   3.29726e+06
        0.014         5e+06   3.22776e+06
        0.015         5e+06   3.15549e+06
        0.016         5e+06   3.08032e+06
        0.017         5e+06   3.00205e+06
        0.018         5e+06   2.92057e+06
        0.019         5e+06   2.83577e+06
         0.02         5e+06   2.74808e+06
        0.021         5e+06   2.65773e+06
        0.022         5e+06   2.56348e+06
        0.023         5e+06   2.47245e+06
        0.024         5e+06   2.38183e+06
        0.025         5e+06   2.29038e+06
        0.026         5e+06   2.19796e+06
        0.027         5e+06   2.10523e+06
        0.028         5e+06   2.01328e+06
        0.029         5e+06   1.92346e+06
         0.03         5e+06   1.83738e+06
        0.031         5e+06   1.75668e+06
        0.032         5e+06   1.68267e+06
        0.033         5e+06   1.61633e+06
        0.034         5e+06   1.55824e+06
        0.035         5e+06   1.50827e+06
        0.036         5e+06   1.46635e+06
        0.037         5e+06   1.43329e+06
        0.038         5e+06   1.40465e+06
        0.039         5e+06   1.37967e+06
         0.04         5e+06   1.35955e+06
        0.041         5e+06   1.34332e+06
        0.042         5e+06   1.33014e+06
        0.043         5e+06   1.31932e+06
        0.044         5e+06    1.3104e+06
        0.045         5e+06   1.30298e+06
        0.046         5e+06   1.29677e+06
        0.047         5e+06   1.29151e+06
        0.048         5e+06   1.28704e+06
        0.049         5e+06   1.28321e+06
         0.05         5e+06   1.27989e+06
        0.051         5e+06   1.27699e+06
        0.052         5e+06   1.27445e+06
        0.053         5e+06    1.2722e+06
        0.054         5e+06    1.2702e+06
        0.055         5e+06    1.2684e+06
        0.056         5e+06   1.26678e+06
        0.057         5e+06   1.26531e+06
        0.058         5e+06   1.26397e+06
        0.059         5e+06   1.26275e+06
         0.06         5e+06   1.26162e+06
        0.061         5e+06   1.26057e+06
        0.062         5e+06   1.25961e+06
        0.063         5e+06   1.25871e+06
        0.064         5e+06   1.25787e+06
        0.065         5e+06   1.25708e+06
        0.066         5e+06   1.25634e+06
        0.067         5e+06   1.25564e+06
        0.068         5e+06   1.25498e+06
        0.069         5e+06   1.25436e+06
         0.07         5e+06   1.25377e+06
        0.071         5e+06   1.25321e+06
        0.072         5e+06   1.25268e+06
        0.073         5e+06   1.25217e+06
        0.074         5e+06   1.25169e+06
        0.075         5e+06   1.25122e+06
        0.076         5e+06   1.25078e+06
        0.077         5e+06   1.25036e+06
        0.078         5e+06   1.24995e+06
        0.079         5e+06   1.24956e+06
         0.08         5e+06   1.24918e+06
        0.081         5e+06   1.24882e+06
        0.082         5e+06   1.24847e+06
        0.083         5e+06   1.24814e+06
        0.084         5e+06   1.24781e+06
        0.085         5e+06    1.2475e+06
        0.086         5e+06    1.2472e+06
        0.087         5e+06    1.2469e+06
        0.088         5e+06   1.24662e+06
        0.089         5e+06   1.24634e+06
         0.09         5e+06   1.24608e+06
        0.091         5e+06   1.24582e+06
        0.092         5e+06   1.24557e+06
        0.093         5e+06   1.24532e+06
        0.094         5e+06   1.24509e+06
        0.095         5e+06   1.24486e+06
        0.096         5e+06   1.24463e+06
        0.097         5e+06   1.24441e+06
        0.098         5e+06    1.2442e+06
        0.099         5e+06   1.24399e+06
          0.1         5e+06   1.24379e+06
        0.101         5e+06   1.24359e+06
        0.102         5e+06   1.24339e+06
        0.103         5e+06   1.24319e+06
        0.104         5e+06   1.24299e+06
        0.105         5e+06    1.2428e+06
        0.106         5e+06   1.24261e+06
        0.107         5e+06   1.24243e+06
        0.108         5e+06   1.24225e+06
        0.109         5e+06   1.24208e+06
         0.11         5e+06   1.24191e+06
        0.111         5e+06   1.24175e+06
        0.112         5e+06   1.24159e+06
        0.113         5e+06   1.24143e+06
        0.114         5e+06   1.24128e+06
        0.115         5e+06   1.24113e+06
        0.116         5e+06   1.24098e+06
        0.117         5e+06   1.24084e+06
        0.118         5e+06   1.24069e+06
        0.119         5e+06   1.24055e+06
         0.12         5e+06   1.24042e+06
        0.121         5e+06   1.24028e+06
        0.122         5e+06   1.24015e+06
        0.123         5e+06   1.24002e+06
        0.124         5e+06    1.2399e+06
        0.125         5e+06   1.23977e+06
        0.126         5e+06   1.23965e+06
        0.127         5e+06   1.23953e+06
        0.128         5e+06   1.23941e+06
        0.129         5e+06   1.23929e+06
         0.13         5e+06   1.23918e+06
        0.131         5e+06   1.23907e+06
        0.132         5e+06   1.23896e+06
        0.133         5e+06   1.23885e+06
        0.134         5e+06   1.23874e+06
        0.135         5e+06   1.23863e+06
        0.136         5e+06   1.23853e+06
        0.137         5e+06   1.23842e+06
        0.138         5e+06   1.23832e+06
        0.139         5e+06   1.23822e+06
         0.14         5e+06   1.23813e+06
        0.141         5e+06   1.23803e+06
        0.142         5e+06   1.23793e+06
        0.143         5e+06   1.23784e+06
        0.144         5e+06   1.23774e+06
        0.145         5e+06   1.23765e+06
        0.146         5e+06   1.23756e+06
        0.147         5e+06   1.23747e+06
        0.148         5e+06   1.23738e+06
        0.149         5e+06    1.2373e+06
         0.15         5e+06   1.23721e+06
        0.151         5e+06   1.23713e+06
        0.152         5e+06   1.23704e+06
        0.153         5e+06   1.23696e+06
        0.154         5e+06   1.23688e+06
        0.155         5e+06    1.2368e+06
        0.156         5e+06   1.23672e+06
        0.157         5e+06   1.23664e+06
        0.158         5e+06   1.23657e+06
        0.159         5e+06   1.23649e+06
         0.16         5e+06   1.23642e+06
        0.161         5e+06   1.23634e+06
        0.162         5e+06   1.23627e+06
        0.163         5e+06   1.23619e+06
        0.164         5e+06   1.23612e+06
        0.165         5e+06   1.23605e+06
        0.166         5e+06   1.23598e+06
        0.167         5e+06   1.23591e+06
        0.168         5e+06   1.23584e+06
        0.169         5e+06   1.23578e+06
         0.17         5e+06   1.23571e+06
        0.171         5e+06   1.23564e+06
        0.172         5e+06   1.23557e+06
        0.173         5e+06   1.23551e+06
        0.174         5e+06   1.23544e+06
        0.175         5e+06   1.23537e+06
        0.176         5e+06   1.23531e+06
        0.177         5e+06   1.23525e+06
        0.178         5e+06   1.23518e+06
        0.179         5e+06   1.23512e+06
         0.18         5e+06   1.23506e+06
        0.181         5e+06     1.235e+06
        0.182         5e+06   1.23494e+06
        0.183         5e+06   1.23488e+06
        0.184         5e+06   1.23482e+06
        0.185         5e+06   1.23476e+06
        0.186         5e+06    1.2347e+06
        0.187         5e+06   1.23464e+06
        0.188         5e+06   1.23459e+06
        0.189         5e+06   1.23453e+06
         0.19         5e+06   1.23447e+06
        0.191         5e+06   1.23442e+06
        0.192         5e+06   1.23436e+06
        0.193         5e+06   1.23431e+06
        0.194         5e+06   1.23425e+06
        0.195         5e+06    1.2342e+06
        0.196         5e+06   1.23415e+06
        0.197         5e+06   1.23409e+06
        0.198         5e+06   1.23404e+06
        0.199         5e+06   1.23399e+06
          0.2         5e+06   1.23394e+06
        0.201         5e+06   1.23389e+06
        0.202         5e+06   1.23384e+06
        0.203         5e+06   1.23379e+06
        0.204         5e+06   1.23374e+06
        0.205         5e+06   1.23369e+06
        0.206         5e+06   1.23364e+06
        0.207         5e+06    1.2336e+06
        0.208         5e+06   1.23355e+06
        0.209         5e+06    1.2335e+06
         0.21         5e+06   1.23345e+06
        0.211         5e+06   1.23341e+06
        0.212         5e+06   1.23336e+06
        0.213         5e+06   1.23332e+06
        0.214         5e+06   1.23327e+06
        0.215         5e+06   1.23323e+06
        0.216         5e+06   1.23318e+06
        0.217         5e+06   1.23314e+06
        0.218         5e+06   1.23309e+06
        0.219         5e+06   1.23305e+06
         0.22         5e+06   1.23301e+06
        0.221         5e+06   1.23296e+06
        0.222         5e+06   1.23292e+06
        0.223         5e+06   1.23288e+06
        0.224         5e+06   1.23284e+06
        0.225         5e+06   1.23279e+06
        0.226         5e+06   1.23275e+06
        0.227         5e+06   1.23271e+06
        0.228         5e+06   1.23267e+06
        0.229         5e+06   1.23263e+06
         0.23         5e+06   1.23259e+06
        0.231         5e+06   1.23255e+06
        0.232         5e+06   1.23251e+06
        0.233         5e+06   1.23247e+06
        0.234         5e+06   1.23243e+06
        0.235         5e+06   1.23239e+06
        0.236         5e+06   1.23235e+06
        0.237         5e+06   1.23232e+06
        0.238         5e+06   1.23228e+06
        0.239         5e+06   1.23224e+06
         0.24         5e+06    1.2322e+06
        0.241         5e+06   1.23216e+06
        0.242         5e+06   1.23213e+06
        0.243         5e+06   1.23209e+06
        0.244         5e+06   1.23205e+06
        0.245         5e+06   1.23202e+06
        0.246         5e+06   1.23198e+06
        0.247         5e+06   1.23195e+06
        0.248         5e+06   1.23191e+06
        0.249         5e+06   1.23187e+06
         0.25         5e+06   1.23184e+06
        0.251         5e+06   1.23181e+06
        0.252         5e+06   1.23177e+06
        0.253         5e+06   1.23174e+06
        0.254         5e+06    1.2317e+06
        0.255         5e+06   1.23167e+06
        0.256         5e+06   1.23163e+06
        0.257         5e+06    1.2316e+06
        0.258         5e+06   1.23156e+06
        0.259         5e+06   1.23153e+06
         0.26         5e+06   1.23149e+06
        0.261         5e+06   1.23146e+06
        0.262         5e+06   1.23143e+06
        0.263         5e+06   1.23139e+06
        0.264         5e+06   1.23136e+06
        0.265         5e+06   1.23133e+06
        0.266         5e+06    1.2313e+06
        0.267         5e+06   1.23127e+06
        0.268         5e+06   1.23124e+06
        0.269         5e+06   1.23121e+06
         0.27         5e+06   1.23118e+06
        0.271         5e+06   1.23115e+06
        0.272         5e+06   1.23112e+06
        0.273         5e+06   1.23109e+06
        0.274         5e+06   1.23106e+06
        0.275         5e+06   1.23103e+06
        0.276         5e+06     1.231e+06
        0.277         5e+06   1.23097e+06
        0.278         5e+06   1.23094e+06
        0.279         5e+06   1.23091e+06
         0.28         5e+06   1.23088e+06
        0.281         5e+06   1.23086e+06
        0.282         5e+06   1.23083e+06
        0.283         5e+06    1.2308e+06
        0.284         5e+06   1.23077e+06
        0.285         5e+06   1.23074e+06
        0.286         5e+06   1.23072e+06
        0.287         5e+06   1.23069e+06
        0.288         5e+06   1.23066e+06
        0.289         5e+06   1.23063e+06
         0.29         5e+06   1.23061e+06
        0.291         5e+06   1.23058e+06
        0.292   4.99999e+06   1.23055e+06
        0.293   4.99999e+06   1.23053e+06
        0.294   4.99999e+06    1.2305e+06
        0.295   4.99999e+06   1.23047e+06
        0.296   4.99998e+06   1.23045e+06
        0.297   4.99998e+06   1.23042e+06
        0.298   4.99998e+06   1.23039e+06
        0.299   4.99997e+06   1.23037e+06
          0.3   4.99996e+06   1.23034e+06
        0.301   4.99996e+06   1.23032e+06
        0.302   4.99995e+06   1.23029e+06
        0.303   4.99994e+06   1.23027e+06
        0.304   4.99993e+06   1.23024e+06
        0.305   4.99992e+06   1.23022e+06
        0.306    4.9999e+06   1.23019e+06
        0.307   4.99989e+06   1.23017e+06
        0.308   4.99987e+06   1.23014e+06
        0.309   4.99986e+06   1.23012e+06
         0.31   4.99984e+06   1.23009e+06
        0.311   4.99982e+06   1.23007e+06
        0.312    4.9998e+06   1.23004e+06
        0.313   4.99977e+06   1.23002e+06
        0.314   4.99975e+06   1.22999e+06
        0.315   4.99972e+06   1.22997e+06
        0.316   4.99969e+06   1.22995e+06
        0.317   4.99966e+06   1.22992e+06
        0.318   4.99962e+06    1.2299e+06
        0.319   4.99958e+06   1.22988e+06
         0.32   4.99954e+06   1.22985e+06
        0.321   4.99949e+06   1.22983e+06
        0.322   4.99944e+06   1.22981e+06
        0.323   4.99939e+06   1.22978e+06
        0.324   4.99933e+06   1.22976e+06
        0.325   4.99926e+06   1.22974e+06
        0.326    4.9992e+06   1.22971e+06
        0.327   4.99912e+06   1.22969e+06
        0.328   4.99904e+06   1.22967e+06
        0.329   4.99895e+06   1.22965e+06
         0.33   4.99886e+06   1.22963e+06
        0.331   4.99876e+06    1.2296e+06
        0.332   4.99865e+06   1.22958e+06
        0.333   4.99853e+06   1.22956e+06
        0.334    4.9984e+06   1.22954e+06
        0.335   4.99826e+06   1.22952e+06
        0.336   4.99811e+06   1.22949e+06
        0.337   4.99795e+06   1.22947e+06
        0.338   4.99777e+06   1.22945e+06
        0.339   4.99758e+06   1.22943e+06
         0.34   4.99738e+06   1.22941e+06
        0.341   4.99716e+06   1.22939e+06
        0.342   4.99692e+06   1.22937e+06
        0.343   4.99666e+06   1.22935e+06
        0.344   4.99638e+06   1.22932e+06
        0.345   4.99608e+06    1.2293e+06
        0.346   4.99576e+06   1.22928e+06
        0.347   4.99541e+06   1.22926e+06
        0.348   4.99503e+06   1.22924e+06
        0.349   4.99463e+06   1.22922e+06
         0.35   4.99419e+06    1.2292e+06
        0.351   4.99372e+06   1.22918e+06
        0.352   4.99321e+06   1.22916e+06
        0.353   4.99266e+06   1.22914e+06
        0.354   4.99207e+06   1.22912e+06
        0.355   4.99143e+06    1.2291e+06
        0.356   4.99075e+06   1.22908e+06
        0.357   4.99001e+06   1.22906e+06
        0.358   4.98922e+06   1.22904e+06
        0.359   4.98836e+06   1.22902e+06
         0.36   4.98745e+06     1.229e+06
        0.361   4.98647e+06   1.22898e+06
        0.362   4.98541e+06   1.22897e+06
        0.363   4.98428e+06   1.22895e+06
        0.364   4.98307e+06   1.22893e+06
        0.365   4.98177e+06   1.22891e+06
        0.366   4.98039e+06   1.22889e+06
        0.367    4.9789e+06   1.22887e+06
        0.368   4.97732e+06   1.22885e+06
        0.369   4.97563e+06   1.22883e+06
         0.37   4.97383e+06   1.22881e+06
        0.371   4.97191e+06    1.2288e+06
        0.372   4.96987e+06   1.22878e+06
        0.373   4.96771e+06   1.22876e+06
        0.374   4.96541e+06   1.22874e+06
        0.375   4.96297e+06   1.22872e+06
        0.376   4.96039e+06    1.2287e+06
        0.377   4.95767e+06   1.22869e+06
        0.378   4.95479e+06   1.22867e+06
        0.379   4.95175e+06   1.22865e+06
         0.38   4.94855e+06   1.22863e+06
        0.381   4.94519e+06   1.22862e+06
        0.382   4.94165e+06    1.2286e+06
        0.383   4.93795e+06   1.22858e+06
        0.384   4.93407e+06   1.22856e+06
        0.385   4.93001e+06   1.22854e+06
        0.386   4.92577e+06   1.22853e+06
        0.387   4.92135e+06   1.22851e+06
        0.388   4.91675e+06   1.22849e+06
        0.389   4.91197e+06   1.22848e+06
         0.39   4.90701e+06   1.22846e+06
        0.391   4.90186e+06   1.22844e+06
        0.392   4.89653e+06   1.22842e+06
        0.393   4.89102e+06   1.22841e+06
        0.394   4.88534e+06   1.22839e+06
        0.395   4.87948e+06   1.22837e+06
        0.396   4.87344e+06   1.22836e+06
        0.397   4.86724e+06   1.22834e+06
        0.398   4.86087e+06   1.22832e+06
        0.399   4.85434e+06   1.22831e+06
          0.4   4.84765e+06   1.22829e+06
        0.401   4.84081e+06   1.22828e+06
        0.402   4.83382e+06   1.22826e+06
        0.403   4.82668e+06   1.22824e+06
        0.404   4.81941e+06   1.22823e+06
        0.405     4.812e+06   1.22821e+06
        0.406   4.80446e+06    1.2282e+06
        0.407    4.7968e+06   1.22818e+06
        0.408   4.78902e+06   1.22817e+06
        0.409   4.78113e+06   1.22815e+06
         0.41   4.77313e+06   1.22814e+06
        0.411   4.76502e+06   1.22812e+06
        0.412   4.75682e+06    1.2281e+06
        0.413   4.74852e+06   1.22809e+06
        0.414   4.74014e+06   1.22807e+06
        0.415   4.73167e+06   1.22806e+06
        0.416   4.72312e+06   1.22804e+06
        0.417    4.7145e+06   1.22803e+06
        0.418    4.7058e+06   1.22801e+06
        0.419   4.69704e+06     1.228e+06
         0.42   4.68821e+06   1.22798e+06
        0.421   4.67931e+06   1.22797e+06
        0.422   4.67036e+06   1.22795e+06
        0.423   4.66135e+06   1.22794e+06
        0.424   4.65228e+06   1.22792e+06
        0.425   4.64316e+06   1.22791e+06
        0.426   4.63399e+06   1.22789e+06
        0.427   4.62477e+06   1.22788e+06
        0.428    4.6155e+06   1.22786e+06
        0.429   4.60617e+06   1.22785e+06
         0.43    4.5968e+06   1.22783e+06
        0.431   4.58738e+06   1.22782e+06
        0.432   4.57791e+06   1.22781e+06
        0.433   4.56839e+06   1.22779e+06
        0.434   4.55881e+06   1.22778e+06
        0.435   4.54919e+06   1.22776e+06
        0.436    4.5395e+06   1.22775e+06
        0.437   4.52976e+06   1.22773e+06
        0.438   4.51997e+06   1.22772e+06
        0.439   4.51011e+06    1.2277e+06
         0.44   4.50018e+06   1.22769e+06
        0.441   4.49019e+06   1.22768e+06
        0.442   4.48013e+06   1.22766e+06
        0.443      4.47e+06   1.22765e+06
        0.444   4.45979e+06   1.22763e+06
        0.445   4.44951e+06   1.22762e+06
        0.446   4.43914e+06   1.22761e+06
        0.447   4.42868e+06   1.22759e+06
        0.448   4.41814e+06   1.22758e+06
        0.449    4.4075e+06   1.22757e+06
         0.45   4.39677e+06   1.22755e+06
        0.451   4.38594e+06   1.22754e+06
        0.452     4.375e+06   1.22753e+06
        0.453   4.36396e+06   1.22751e+06
        0.454   4.35282e+06    1.2275e+06
        0.455   4.34157e+06   1.22748e+06
        0.456    4.3302e+06   1.22747e+06
        0.457   4.31873e+06   1.22746e+06
        0.458   4.30714e+06   1.22744e+06
        0.459   4.29543e+06   1.22743e+06
         0.46   4.28361e+06   1.22742e+06
        0.461   4.27168e+06   1.22741e+06
        0.462   4.25963e+06   1.22739e+06
        0.463   4.24747e+06   1.22738e+06
        0.464   4.23519e+06   1.22737e+06
        0.465    4.2228e+06   1.22735e+06
        0.466   4.21031e+06   1.22734e+06
        0.467    4.1977e+06   1.22733e+06
        0.468   4.18499e+06   1.22731e+06
        0.469   4.17218e+06    1.2273e+06
         0.47   4.15928e+06   1.22729e+06
        0.471   4.14627e+06   1.22728e+06
        0.472   4.13318e+06   1.22726e+06
        0.473      4.12e+06   1.22725e+06
        0.474   4.10674e+06   1.22724e+06
        0.475    4.0934e+06   1.22723e+06
        0.476   4.07999e+06   1.22721e+06
        0.477   4.06651e+06    1.2272e+06
        0.478   4.05296e+06   1.22719e+06
        0.479   4.03936e+06   1.22718e+06
         0.48    4.0257e+06   1.22716e+06
        0.481     4.012e+06   1.22715e+06
        0.482   3.99825e+06   1.22714e+06
        0.483   3.98446e+06   1.22713e+06
        0.484   3.97064e+06   1.22711e+06
        0.485   3.95679e+06    1.2271e+06
        0.486   3.94292e+06   1.22709e+06
        0.487   3.92902e+06   1.22708e+06
        0.488   3.91512e+06   1.22707e+06
        0.489    3.9012e+06   1.22705e+06
         0.49   3.88728e+06   1.22704e+06
        0.491   3.87336e+06   1.22703e+06
        0.492   3.85944e+06   1.22702e+06
        0.493   3.84552e+06   1.22701e+06
        0.494   3.83162e+06   1.22699e+06
        0.495   3.81773e+06   1.22698e+06
        0.496   3.80386e+06   1.22697e+06
        0.497   3.79001e+06   1.22696e+06
        0.498   3.77619e+06   1.22695e+06
        0.499   3.76239e+06   1.22694e+06
          0.5   3.74863e+06   1.22692e+06
        0.501   3.73489e+06   1.22691e+06
        0.502    3.7212e+06    1.2269e+06
        0.503   3.70754e+06   1.22689e+06
        0.504   3.69393e+06   1.22688e+06
        0.505   3.68036e+06   1.22687e+06
        0.506   3.66683e+06   1.22686e+06
        0.507   3.65335e+06   1.22684e+06
        0.508   3.63992e+06   1.22683e+06
        0.509   3.62654e+06   1.22682e+06
         0.51   3.61321e+06   1.22681e+06
        0.511   3.59994e+06    1.2268e+06
        0.512   3.58672e+06   1.22679e+06
        0.513   3.57356e+06   1.22678e+06
        0.514   3.56046e+06   1.22677e+06
        0.515   3.54741e+06   1.22675e+06
        0.516   3.53443e+06   1.22674e+06
        0.517    3.5215e+06   1.22673e+06
        0.518   3.50864e+06   1.22672e+06
        0.519   3.49584e+06   1.22671e+06
         0.52   3.48311e+06    1.2267e+06
        0.521   3.47044e+06   1.22669e+06
        0.522   3.45783e+06   1.22668e+06
        0.523   3.44529e+06   1.22667e+06
        0.524   3.43282e+06   1.22666e+06
        0.525    3.4204e+06   1.22665e+06
        0.526   3.40806e+06   1.22663e+06
        0.527   3.39578e+06   1.22662e+06
        0.528   3.38357e+06   1.22661e+06
        0.529   3.37142e+06    1.2266e+06
         0.53   3.35934e+06   1.22659e+06
        0.531   3.34733e+06   1.22658e+06
        0.532   3.33539e+06   1.22657e+06
        0.533   3.32351e+06   1.22656e+06
        0.534    3.3117e+06   1.22655e+06
        0.535   3.29995e+06   1.22654e+06
        0.536   3.28828e+06   1.22653e+06
        0.537   3.27667e+06   1.22652e+06
        0.538   3.26512e+06   1.22651e+06
        0.539   3.25365e+06    1.2265e+06
         0.54   3.24224e+06   1.22649e+06
        0.541   3.23089e+06   1.22648e+06
        0.542   3.21962e+06   1.22647e+06
        0.543    3.2084e+06   1.22646e+06
        0.544   3.19726e+06   1.22645e+06
        0.545   3.18617e+06   1.22644e+06
        0.546   3.17516e+06   1.22643e+06
        0.547   3.16421e+06   1.22642e+06
        0.548   3.15332e+06   1.22641e+06
        0.549    3.1425e+06    1.2264e+06
         0.55   3.13174e+06   1.22639e+06
        0.551   3.12104e+06   1.22638e+06
        0.552   3.11041e+06   1.22637e+06
        0.553   3.09984e+06   1.22636e+06
        0.554   3.08934e+06   1.22635e+06
        0.555   3.07889e+06   1.22634e+06
        0.556   3.06851e+06   1.22633e+06
        0.557   3.05818e+06   1.22632e+06
        0.558   3.04792e+06   1.22631e+06
        0.559   3.03772e+06    1.2263e+06
         0.56   3.02759e+06   1.22629e+06
        0.561   3.01751e+06   1.22628e+06
        0.562   3.00749e+06   1.22627e+06
        0.563   2.99753e+06   1.22626e+06
        0.564   2.98762e+06   1.22625e+06
        0.565   2.97777e+06   1.22624e+06
        0.566   2.96799e+06   1.22623e+06
        0.567   2.95826e+06   1.22622e+06
        0.568   2.94859e+06   1.22621e+06
        0.569   2.93897e+06    1.2262e+06
         0.57   2.92942e+06   1.22619e+06
        0.571   2.91991e+06   1.22618e+06
        0.572   2.91046e+06   1.22617e+06
        0.573   2.90106e+06   1.22616e+06
        0.574   2.89172e+06   1.22615e+06
        0.575   2.88243e+06   1.22614e+06
        0.576    2.8732e+06   1.22613e+06
        0.577   2.86402e+06   1.22612e+06
        0.578    2.8549e+06   1.22611e+06
        0.579   2.84583e+06    1.2261e+06
         0.58   2.83681e+06   1.22609e+06
        0.581   2.82783e+06   1.22608e+06
        0.582    2.8189e+06   1.22607e+06
        0.583   2.81003e+06   1.22605e+06
        0.584   2.80121e+06   1.22604e+06
        0.585   2.79244e+06   1.22603e+06
        0.586   2.78372e+06   1.22602e+06
        0.587   2.77505e+06   1.22601e+06
        0.588   2.76643e+06   1.22599e+06
        0.589   2.75785e+06   1.22598e+06
         0.59   2.74933e+06   1.22597e+06
        0.591   2.74085e+06   1.22595e+06
        0.592   2.73241e+06   1.22594e+06
        0.593   2.72402e+06   1.22592e+06
        0.594   2.71567e+06   1.22591e+06
        0.595   2.70738e+06   1.22589e+06
        0.596   2.69913e+06   1.22587e+06
        0.597   2.69093e+06   1.22586e+06
        0.598   2.68277e+06   1.22584e+06
        0.599   2.67465e+06   1.22582e+06
          0.6   2.66658e+06    1.2258e+06
        0.601   2.65855e+06   1.22577e+06
        0.602   2.65056e+06   1.22575e+06
        0.603   2.64262e+06   1.22572e+06
        0.604   2.63472e+06    1.2257e+06
        0.605   2.62686e+06   1.22567e+06
        0.606   2.61904e+06   1.22564e+06
        0.607   2.61126e+06   1.22561e+06
        0.608   2.60353e+06   1.22557e+06
        0.609   2.59583e+06   1.22553e+06
         0.61   2.58818e+06   1.22549e+06
        0.611   2.58056e+06   1.22545e+06
        0.612   2.57298e+06    1.2254e+06
        0.613   2.56544e+06   1.22535e+06
        0.614   2.55794e+06    1.2253e+06
        0.615   2.55048e+06   1.22524e+06
        0.616   2.54306e+06   1.22517e+06
        0.617   2.53567e+06    1.2251e+06
        0.618   2.52832e+06   1.22503e+06
        0.619   2.52101e+06   1.22495e+06
         0.62   2.51374e+06   1.22486e+06
        0.621    2.5065e+06   1.22477e+06
        0.622   2.49929e+06   1.22466e+06
        0.623   2.49212e+06   1.22455e+06
        0.624   2.48499e+06   1.22443e+06
        0.625   2.47789e+06    1.2243e+06
        0.626   2.47082e+06   1.22416e+06
        0.627   2.46379e+06   1.22401e+06
        0.628   2.45679e+06   1.22384e+06
        0.629   2.44982e+06   1.22366e+06
         0.63   2.44289e+06   1.22347e+06
        0.631   2.43599e+06   1.22326e+06
        0.632   2.42912e+06   1.22303e+06
        0.633   2.42228e+06   1.22278e+06
        0.634   2.41547e+06   1.22252e+06
        0.635   2.40869e+06   1.22223e+06
        0.636   2.40195e+06   1.22192e+06
        0.637   2.39523e+06   1.22159e+06
        0.638   2.38854e+06   1.22123e+06
        0.639   2.38189e+06   1.22085e+06
         0.64   2.37526e+06   1.22043e+06
        0.641   2.36866e+06   1.21999e+06
        0.642   2.36209e+06   1.21951e+06
        0.643   2.35555e+06   1.21901e+06
        0.644   2.34904e+06   1.21846e+06
        0.645   2.34256e+06   1.21788e+06
        0.646    2.3361e+06   1.21726e+06
        0.647   2.32968e+06    1.2166e+06
        0.648   2.32328e+06    1.2159e+06
        0.649   2.31691e+06   1.21515e+06
         0.65   2.31057e+06   1.21436e+06
        0.651   2.30426e+06   1.21353e+06
        0.652   2.29798e+06   1.21264e+06
        0.653   2.29173e+06    1.2117e+06
        0.654    2.2855e+06   1.21072e+06
        0.655    2.2793e+06   1.20968e+06
        0.656   2.27313e+06   1.20859e+06
        0.657   2.26698e+06   1.20744e+06
        0.658   2.26087e+06   1.20624e+06
        0.659   2.25478e+06   1.20498e+06
         0.66   2.24872e+06   1.20366e+06
        0.661   2.24269e+06   1.20229e+06
        0.662   2.23669e+06   1.20085e+06
        0.663   2.23072e+06   1.19936e+06
        0.664   2.22477e+06   1.19781e+06
        0.665   2.21885e+06    1.1962e+06
        0.666   2.21296e+06   1.19453e+06
        0.667    2.2071e+06    1.1928e+06
        0.668   2.20126e+06   1.19101e+06
        0.669   2.19546e+06   1.18917e+06
         0.67   2.18968e+06   1.18726e+06
        0.671   2.18393e+06    1.1853e+06
        0.672    2.1782e+06   1.18328e+06
        0.673    2.1725e+06   1.18121e+06
        0.674   2.16683e+06   1.17908e+06
        0.675   2.16119e+06    1.1769e+06
        0.676   2.15557e+06   1.17466e+06
        0.677   2.14998e+06   1.17237e+06
        0.678   2.14442e+06   1.17003e+06
        0.679   2.13888e+06   1.16765e+06
         0.68   2.13337e+06   1.16521e+06
        0.681   2.12789e+06   1.16273e+06
        0.682   2.12243e+06    1.1602e+06
        0.683     2.117e+06   1.15763e+06
        0.684   2.11159e+06   1.15502e+06
        0.685   2.10621e+06   1.15237e+06
        0.686   2.10086e+06   1.14967e+06
        0.687   2.09553e+06   1.14694e+06
        0.688   2.09022e+06   1.14417e+06
        0.689   2.08494e+06   1.14137e+06
         0.69   2.07969e+06   1.13853e+06
        0.691   2.07446e+06   1.13566e+06
        0.692   2.06926e+06   1.13275e+06
        0.693   2.06408e+06   1.12982e+06
        0.694   2.05892e+06   1.12687e+06
        0.695   2.05379e+06   1.12388e+06
        0.696   2.04868e+06   1.12087e+06
        0.697   2.04359e+06   1.11784e+06
        0.698   2.03853e+06   1.11478e+06
        0.699    2.0335e+06   1.11171e+06
          0.7   2.02848e+06   1.10861e+06
        0.701    2.0235e+06    1.1055e+06
        0.702   2.01853e+06   1.10237e+06
        0.703   2.01358e+06   1.09922e+06
        0.704   2.00866e+06   1.09606e+06
        0.705   2.00376e+06   1.09289e+06
        0.706   1.99888e+06   1.08971e+06
        0.707   1.99403e+06   1.08652e+06
        0.708   1.98919e+06   1.08325e+06
        0.709   1.98438e+06   1.07981e+06
         0.71   1.97959e+06   1.07631e+06
        0.711   1.97482e+06   1.07284e+06
        0.712   1.97007e+06   1.06973e+06
        0.713   1.96535e+06   1.06719e+06
        0.714   1.96064e+06   1.06434e+06
        0.715   1.95596e+06   1.06131e+06
        0.716   1.95129e+06   1.05818e+06
        0.717   1.94665e+06     1.055e+06
        0.718   1.94203e+06   1.05179e+06
        0.719   1.93742e+06   1.04856e+06
         0.72   1.93284e+06   1.04532e+06
        0.721   1.92828e+06   1.04207e+06
        0.722   1.92373e+06   1.03882e+06
        0.723   1.91921e+06   1.03557e+06
        0.724    1.9147e+06   1.03232e+06
        0.725   1.91022e+06   1.02907e+06
        0.726   1.90575e+06   1.02582e+06
        0.727    1.9013e+06   1.02258e+06
        0.728   1.89687e+06   1.01935e+06
        0.729   1.89246e+06   1.01612e+06
         0.73   1.88807e+06    1.0129e+06
        0.731   1.88369e+06   1.00968e+06
        0.732   1.87933e+06   1.00647e+06
        0.733   1.87499e+06   1.00327e+06
        0.734   1.87066e+06   1.00008e+06
        0.735   1.86635e+06        996902
        0.736   1.86209e+06        993729
        0.737   1.85791e+06        990565
        0.738   1.85376e+06        987411
        0.739   1.84951e+06        984267
         0.74   1.84516e+06        981133
        0.741   1.84094e+06        978009
        0.742   1.83693e+06        974896
        0.743   1.83285e+06        971793
        0.744   1.82867e+06        968701
        0.745   1.82457e+06        965621
        0.746   1.82048e+06        962551
        0.747   1.81635e+06        959493
        0.748   1.81226e+06        956446
        0.749   1.80822e+06        953411
         0.75   1.80419e+06        950388
        0.751   1.80017e+06        947377
        0.752   1.79617e+06        944377
        0.753   1.79219e+06        941390
        0.754   1.78822e+06        938414
        0.755   1.78428e+06        935451
        0.756   1.78035e+06        932501
        0.757   1.77644e+06        929562
        0.758   1.77254e+06        926636
        0.759   1.76865e+06        923723
         0.76   1.76477e+06        920821
        0.761   1.76092e+06        917932
        0.762   1.75709e+06        915057
        0.763   1.75328e+06        912195
        0.764   1.74947e+06        909345
        0.765   1.74569e+06        906507
        0.766   1.74192e+06        903682
        0.767   1.73816e+06        900870
        0.768   1.73442e+06        898070
        0.769   1.73068e+06        895283
         0.77   1.72694e+06        892509
        0.771   1.72319e+06        889748
        0.772    1.7194e+06        886999
        0.773   1.71558e+06        884264
        0.774   1.71171e+06        881541
        0.775   1.70782e+06        878830
        0.776   1.70389e+06        876133
        0.777   1.69993e+06        873448
        0.778   1.69592e+06        870776
        0.779   1.69178e+06        868116
         0.78   1.68782e+06        865469
        0.781   1.68398e+06        862835
        0.782   1.68019e+06        860214
        0.783   1.67643e+06        857605
        0.784   1.67269e+06        855009
        0.785   1.66896e+06        852424
        0.786   1.66525e+06        849851
        0.787   1.66154e+06        847291
        0.788   1.65785e+06        844743
        0.789   1.65417e+06        842208
         0.79   1.65049e+06        839684
        0.791   1.64683e+06        837174
        0.792   1.64317e+06        834675
        0.793   1.63952e+06        832188
        0.794    1.6359e+06        829712
        0.795   1.63232e+06        827249
        0.796    1.6291e+06        824798
        0.797   1.62613e+06        822358
        0.798   1.62314e+06        819930
        0.799    1.6198e+06        817513
          0.8    1.6159e+06        815108
        0.801    1.6122e+06        812714
        0.802   1.60879e+06        810331
        0.803    1.6054e+06        807960
        0.804   1.60204e+06        805601
        0.805   1.59879e+06        803252
        0.806   1.59652e+06        800914
        0.807   1.59443e+06        798588
        0.808   1.59205e+06        796272
        0.809   1.58926e+06        793968
         0.81    1.5859e+06        791674
        0.811   1.58173e+06        789391
        0.812   1.57764e+06        787119
        0.813   1.57428e+06        784857
        0.814   1.57101e+06        782607
        0.815   1.56776e+06        780366
        0.816   1.56452e+06        778136
        0.817   1.56128e+06        775917
        0.818   1.55806e+06        773708
        0.819   1.55483e+06        771509
         0.82   1.55162e+06        769320
        0.821   1.54841e+06        767141
        0.822    1.5452e+06        764973
        0.823     1.542e+06        762814
        0.824   1.53881e+06        760666
        0.825   1.53563e+06        758527
        0.826   1.53245e+06        756398
        0.827   1.52928e+06        754279
        0.828   1.52612e+06        752170
        0.829   1.52297e+06        750070
         0.83   1.51982e+06        747980
        0.831   1.51669e+06        745899
        0.832   1.51355e+06        743828
        0.833   1.51042e+06        741766
        0.834   1.50728e+06        739714
        0.835   1.50421e+06        737671
        0.836    1.5013e+06        735637
        0.837   1.49854e+06        733611
        0.838   1.49586e+06        731595
        0.839    1.4933e+06        729588
         0.84    1.4909e+06        727590
        0.841   1.48846e+06        725601
        0.842   1.48577e+06        723621
        0.843   1.48289e+06        721649
        0.844   1.47992e+06        719686
        0.845   1.47675e+06        717731
        0.846   1.47334e+06        715784
        0.847   1.47033e+06        713847
        0.848   1.46743e+06        711917
        0.849   1.46454e+06        709993
         0.85   1.46167e+06        708077
        0.851    1.4588e+06        706168
        0.852   1.45593e+06        704266
        0.853   1.45307e+06        702371
        0.854   1.45022e+06        700482
        0.855   1.44737e+06        698598
        0.856   1.44453e+06        696716
        0.857   1.44169e+06        694839
        0.858   1.43886e+06        692967
        0.859   1.43604e+06        691102
         0.86   1.43322e+06        689243
        0.861   1.43045e+06        687391
        0.862   1.42814e+06        685546
        0.863   1.42581e+06        683707
        0.864   1.42326e+06        681876
        0.865   1.42062e+06        680051
        0.866   1.41797e+06        678233
        0.867   1.41534e+06        676422
        0.868   1.41273e+06        674617
        0.869   1.41015e+06        672818
         0.87    1.4076e+06        671026
        0.871    1.4051e+06        669239
        0.872   1.40266e+06        667458
        0.873   1.40032e+06        665682
        0.874   1.39809e+06        663907
        0.875   1.39585e+06        662125
        0.876   1.39341e+06        660325
        0.877   1.39049e+06        658489
        0.878   1.38709e+06        656599
        0.879    1.3842e+06        654659
         0.88   1.38155e+06        652683
        0.881   1.37892e+06        650659
        0.882    1.3763e+06        648585
        0.883   1.37369e+06        646394
        0.884   1.37108e+06        644171
        0.885   1.36849e+06        641729
        0.886    1.3659e+06        640085
        0.887   1.36331e+06        638534
        0.888   1.36074e+06        636987
        0.889   1.35817e+06        636643
         0.89   1.35576e+06        636883
        0.891   1.35395e+06        636460
        0.892   1.35214e+06        635151
        0.893   1.35007e+06        633764
        0.894    1.3477e+06        632810
        0.895   1.34507e+06        631566
        0.896   1.34229e+06        629794
        0.897   1.33946e+06        627820
        0.898   1.33677e+06        625562
        0.899   1.33447e+06        622725
          0.9   1.33224e+06        620361
        0.901   1.32998e+06        618576
        0.902   1.32766e+06        616960
        0.903   1.32532e+06        615325
        0.904   1.32295e+06        614415
        0.905   1.32059e+06        614505
        0.906   1.31822e+06        614053
        0.907   1.31587e+06        612607
        0.908   1.31354e+06        610832
        0.909   1.31122e+06        608728
         0.91   1.30891e+06        606004
        0.911    1.3066e+06        604233
        0.912    1.3043e+06        602687
        0.913   1.30201e+06        601114
        0.914   1.29972e+06        600605
        0.915   1.29744e+06        600419
        0.916   1.29517e+06        599823
        0.917    1.2929e+06        598358
        0.918   1.29065e+06        596559
        0.919    1.2884e+06        594361
         0.92   1.28615e+06        591549
        0.921   1.28392e+06        589783
        0.922   1.28169e+06        588218
        0.923   1.27947e+06        586691
        0.924   1.27725e+06        586391
        0.925   1.27504e+06        586111
        0.926   1.27284e+06        584918
        0.927   1.27065e+06        583238
        0.928   1.26846e+06        581187
        0.929   1.26628e+06        578198
         0.93    1.2641e+06        576039
        0.931   1.26193e+06        574451
        0.932   1.25977e+06        573069
        0.933   1.25762e+06        571728
        0.934   1.25547e+06        571505
        0.935   1.25332e+06        571535
        0.936   1.25118e+06        571055
        0.937   1.24905e+06        569961
        0.938   1.24692e+06        568612
        0.939    1.2448e+06        567163
         0.94   1.24268e+06        565765
        0.941   1.24057e+06        564699
        0.942   1.23846e+06        563692
        0.943   1.23635e+06        562174
        0.944   1.23425e+06        560429
        0.945   1.23215e+06        558232
        0.946   1.23006e+06        555985
        0.947   1.22797e+06        554444
        0.948   1.22588e+06        553103
        0.949    1.2238e+06        551727
         0.95   1.22172e+06        551124
        0.951   1.21964e+06        550926
        0.952   1.21757e+06        550544
        0.953    1.2155e+06        549486
        0.954   1.21344e+06        548047
        0.955   1.21138e+06        546357
        0.956   1.20932e+06        544189
        0.957   1.20727e+06        542329
        0.958   1.20522e+06        540964
        0.959   1.20318e+06        539661
         0.96   1.20114e+06        538359
        0.961   1.19911e+06        537850
        0.962   1.19708e+06        537617
        0.963   1.19506e+06        537118
        0.964   1.19304e+06        535936
        0.965   1.19103e+06        534405
        0.966   1.18902e+06        532379
        0.967   1.18702e+06        529755
        0.968   1.18503e+06        527810
        0.969   1.18304e+06        526241
         0.97   1.18105e+06        524967
        0.971   1.17907e+06        523776
        0.972    1.1771e+06        522636
        0.973   1.17513e+06        522248
        0.974   1.17317e+06        522181
        0.975   1.17122e+06        521937
        0.976   1.16927e+06        521244
        0.977   1.16733e+06        520216
        0.978    1.1654e+06        519078
        0.979   1.16347e+06        517857
         0.98   1.16154e+06        516574
        0.981   1.15963e+06        515252
        0.982   1.15771e+06        513948
        0.983   1.15581e+06        512720
        0.984   1.15391e+06        511659
        0.985   1.15201e+06        511200
        0.986   1.15013e+06        510223
        0.987   1.14824e+06        508869
        0.988   1.14637e+06        507246
        0.989    1.1445e+06        505046
         0.99   1.14263e+06        503538
        0.991   1.14078e+06        502355
        0.992   1.13892e+06        501170
        0.993   1.13708e+06        500199
        0.994   1.13524e+06        499622
        0.995    1.1334e+06        499193
        0.996   1.13157e+06        498884
        0.997   1.12975e+06        498259
        0.998   1.12793e+06        497094
        0.999   1.12612e+06        495643
            1   1.12432e+06        493468
