# Probe 0 (-45 0 0)
# Probe 1 (6 0 0)
#       Probe             0             1
#        Time
            0         5e+06         5e+06
        0.001         5e+06   4.11901e+06
        0.002         5e+06   4.08032e+06
        0.003         5e+06   4.07813e+06
        0.004         5e+06   4.06611e+06
        0.005         5e+06   4.04506e+06
        0.006         5e+06   4.01585e+06
        0.007         5e+06   3.98149e+06
        0.008         5e+06    3.9443e+06
        0.009         5e+06    3.9039e+06
         0.01         5e+06   3.86223e+06
        0.011         5e+06   3.81971e+06
        0.012         5e+06   3.77711e+06
        0.013         5e+06   3.73423e+06
        0.014         5e+06   3.68994e+06
        0.015         5e+06   3.64422e+06
        0.016         5e+06   3.59748e+06
        0.017         5e+06   3.54886e+06
        0.018         5e+06   3.49812e+06
        0.019         5e+06   3.44464e+06
         0.02         5e+06   3.38846e+06
        0.021         5e+06   3.32982e+06
        0.022         5e+06   3.26872e+06
        0.023         5e+06   3.20577e+06
        0.024         5e+06   3.14225e+06
        0.025         5e+06   3.07885e+06
        0.026         5e+06   3.01631e+06
        0.027         5e+06    2.9552e+06
        0.028         5e+06   2.89731e+06
        0.029         5e+06   2.84431e+06
         0.03         5e+06   2.79296e+06
        0.031         5e+06   2.74464e+06
        0.032         5e+06   2.69977e+06
        0.033         5e+06   2.65745e+06
        0.034         5e+06   2.61625e+06
        0.035         5e+06    2.5764e+06
        0.036         5e+06   2.53768e+06
        0.037         5e+06   2.50166e+06
        0.038         5e+06   2.47084e+06
        0.039         5e+06   2.44817e+06
         0.04         5e+06   2.43413e+06
        0.041         5e+06   2.42583e+06
        0.042         5e+06   2.42006e+06
        0.043         5e+06    2.4149e+06
        0.044         5e+06   2.41122e+06
        0.045         5e+06   2.40938e+06
        0.046         5e+06   2.40679e+06
        0.047         5e+06   2.40228e+06
        0.048         5e+06   2.39586e+06
        0.049         5e+06   2.38835e+06
         0.05         5e+06    2.3788e+06
        0.051         5e+06   2.36961e+06
        0.052         5e+06   2.36056e+06
        0.053         5e+06   2.35159e+06
        0.054         5e+06   2.34286e+06
        0.055         5e+06   2.33436e+06
        0.056         5e+06   2.32647e+06
        0.057         5e+06   2.31983e+06
        0.058         5e+06   2.31372e+06
        0.059         5e+06   2.30809e+06
         0.06         5e+06   2.30284e+06
        0.061         5e+06   2.29785e+06
        0.062         5e+06   2.29305e+06
        0.063         5e+06   2.28839e+06
        0.064         5e+06   2.28388e+06
        0.065         5e+06   2.27952e+06
        0.066         5e+06    2.2753e+06
        0.067         5e+06   2.27119e+06
        0.068         5e+06   2.26714e+06
        0.069         5e+06   2.26314e+06
         0.07         5e+06   2.25916e+06
        0.071         5e+06    2.2552e+06
        0.072         5e+06   2.25125e+06
        0.073         5e+06   2.24728e+06
        0.074         5e+06   2.24329e+06
        0.075         5e+06   2.23925e+06
        0.076         5e+06   2.23519e+06
        0.077         5e+06   2.23113e+06
        0.078         5e+06   2.22712e+06
        0.079         5e+06   2.22318e+06
         0.08         5e+06   2.21932e+06
        0.081         5e+06   2.21551e+06
        0.082         5e+06   2.21171e+06
        0.083         5e+06   2.20789e+06
        0.084         5e+06   2.20406e+06
        0.085         5e+06   2.20023e+06
        0.086         5e+06   2.19646e+06
        0.087         5e+06    2.1928e+06
        0.088         5e+06   2.18931e+06
        0.089         5e+06   2.18602e+06
         0.09         5e+06   2.18296e+06
        0.091         5e+06   2.18013e+06
        0.092         5e+06   2.17751e+06
        0.093         5e+06   2.17504e+06
        0.094         5e+06   2.17268e+06
        0.095         5e+06   2.17036e+06
        0.096         5e+06   2.16802e+06
        0.097         5e+06   2.16561e+06
        0.098         5e+06   2.16308e+06
        0.099         5e+06   2.16043e+06
          0.1         5e+06   2.15769e+06
        0.101         5e+06   2.15492e+06
        0.102         5e+06    2.1522e+06
        0.103         5e+06   2.14959e+06
        0.104         5e+06   2.14711e+06
        0.105         5e+06   2.14473e+06
        0.106         5e+06   2.14242e+06
        0.107         5e+06   2.14014e+06
        0.108         5e+06    2.1379e+06
        0.109         5e+06   2.13569e+06
         0.11         5e+06   2.13353e+06
        0.111         5e+06    2.1314e+06
        0.112         5e+06   2.12932e+06
        0.113         5e+06   2.12727e+06
        0.114         5e+06   2.12525e+06
        0.115         5e+06   2.12326e+06
        0.116         5e+06   2.12131e+06
        0.117         5e+06    2.1194e+06
        0.118         5e+06   2.11752e+06
        0.119         5e+06   2.11568e+06
         0.12         5e+06   2.11386e+06
        0.121         5e+06   2.11209e+06
        0.122         5e+06   2.11034e+06
        0.123         5e+06   2.10862e+06
        0.124         5e+06   2.10692e+06
        0.125         5e+06   2.10526e+06
        0.126         5e+06   2.10362e+06
        0.127         5e+06     2.102e+06
        0.128         5e+06   2.10042e+06
        0.129         5e+06   2.09886e+06
         0.13         5e+06   2.09732e+06
        0.131         5e+06    2.0958e+06
        0.132         5e+06   2.09431e+06
        0.133         5e+06   2.09283e+06
        0.134         5e+06   2.09138e+06
        0.135         5e+06   2.08995e+06
        0.136         5e+06   2.08854e+06
        0.137         5e+06   2.08715e+06
        0.138         5e+06   2.08578e+06
        0.139         5e+06   2.08442e+06
         0.14         5e+06   2.08309e+06
        0.141         5e+06   2.08177e+06
        0.142         5e+06   2.08047e+06
        0.143         5e+06   2.07918e+06
        0.144         5e+06   2.07792e+06
        0.145         5e+06   2.07666e+06
        0.146         5e+06   2.07543e+06
        0.147         5e+06   2.07421e+06
        0.148         5e+06     2.073e+06
        0.149         5e+06   2.07182e+06
         0.15         5e+06   2.07064e+06
        0.151         5e+06   2.06948e+06
        0.152         5e+06   2.06833e+06
        0.153         5e+06   2.06719e+06
        0.154         5e+06   2.06607e+06
        0.155         5e+06   2.06496e+06
        0.156         5e+06   2.06386e+06
        0.157         5e+06   2.06278e+06
        0.158         5e+06    2.0617e+06
        0.159         5e+06   2.06064e+06
         0.16         5e+06   2.05959e+06
        0.161         5e+06   2.05855e+06
        0.162         5e+06   2.05753e+06
        0.163         5e+06   2.05651e+06
        0.164         5e+06    2.0555e+06
        0.165         5e+06   2.05451e+06
        0.166         5e+06   2.05352e+06
        0.167         5e+06   2.05255e+06
        0.168         5e+06   2.05158e+06
        0.169         5e+06   2.05063e+06
         0.17         5e+06   2.04968e+06
        0.171         5e+06   2.04875e+06
        0.172         5e+06   2.04782e+06
        0.173         5e+06    2.0469e+06
        0.174         5e+06     2.046e+06
        0.175         5e+06    2.0451e+06
        0.176         5e+06    2.0442e+06
        0.177         5e+06   2.04332e+06
        0.178         5e+06   2.04245e+06
        0.179         5e+06   2.04158e+06
         0.18         5e+06   2.04072e+06
        0.181         5e+06   2.03987e+06
        0.182         5e+06   2.03902e+06
        0.183         5e+06   2.03819e+06
        0.184         5e+06   2.03736e+06
        0.185         5e+06   2.03654e+06
        0.186         5e+06   2.03572e+06
        0.187         5e+06   2.03491e+06
        0.188         5e+06   2.03411e+06
        0.189         5e+06   2.03332e+06
         0.19         5e+06   2.03253e+06
        0.191         5e+06   2.03175e+06
        0.192         5e+06   2.03098e+06
        0.193         5e+06   2.03021e+06
        0.194         5e+06   2.02944e+06
        0.195         5e+06   2.02869e+06
        0.196         5e+06   2.02794e+06
        0.197         5e+06   2.02719e+06
        0.198         5e+06   2.02645e+06
        0.199         5e+06   2.02572e+06
          0.2         5e+06   2.02499e+06
        0.201         5e+06   2.02427e+06
        0.202         5e+06   2.02356e+06
        0.203         5e+06   2.02284e+06
        0.204         5e+06   2.02214e+06
        0.205         5e+06   2.02144e+06
        0.206         5e+06   2.02074e+06
        0.207         5e+06   2.02005e+06
        0.208         5e+06   2.01937e+06
        0.209         5e+06   2.01869e+06
         0.21         5e+06   2.01801e+06
        0.211         5e+06   2.01734e+06
        0.212         5e+06   2.01667e+06
        0.213         5e+06   2.01601e+06
        0.214         5e+06   2.01535e+06
        0.215         5e+06    2.0147e+06
        0.216         5e+06   2.01405e+06
        0.217         5e+06    2.0134e+06
        0.218         5e+06   2.01276e+06
        0.219         5e+06   2.01212e+06
         0.22         5e+06   2.01149e+06
        0.221         5e+06   2.01086e+06
        0.222         5e+06   2.01024e+06
        0.223         5e+06   2.00962e+06
        0.224         5e+06     2.009e+06
        0.225         5e+06   2.00839e+06
        0.226         5e+06   2.00778e+06
        0.227         5e+06   2.00718e+06
        0.228         5e+06   2.00658e+06
        0.229         5e+06   2.00598e+06
         0.23         5e+06   2.00539e+06
        0.231         5e+06    2.0048e+06
        0.232         5e+06   2.00421e+06
        0.233         5e+06   2.00363e+06
        0.234         5e+06   2.00305e+06
        0.235         5e+06   2.00247e+06
        0.236         5e+06    2.0019e+06
        0.237         5e+06   2.00133e+06
        0.238         5e+06   2.00076e+06
        0.239         5e+06    2.0002e+06
         0.24         5e+06   1.99964e+06
        0.241         5e+06   1.99909e+06
        0.242         5e+06   1.99853e+06
        0.243         5e+06   1.99798e+06
        0.244         5e+06   1.99744e+06
        0.245         5e+06   1.99689e+06
        0.246         5e+06   1.99635e+06
        0.247         5e+06   1.99581e+06
        0.248         5e+06   1.99528e+06
        0.249         5e+06   1.99475e+06
         0.25         5e+06   1.99422e+06
        0.251         5e+06   1.99369e+06
        0.252         5e+06   1.99317e+06
        0.253         5e+06   1.99264e+06
        0.254         5e+06   1.99212e+06
        0.255         5e+06   1.99161e+06
        0.256         5e+06   1.99109e+06
        0.257         5e+06   1.99058e+06
        0.258         5e+06   1.99007e+06
        0.259         5e+06   1.98956e+06
         0.26         5e+06   1.98905e+06
        0.261         5e+06   1.98855e+06
        0.262         5e+06   1.98805e+06
        0.263         5e+06   1.98756e+06
        0.264         5e+06   1.98707e+06
        0.265         5e+06   1.98658e+06
        0.266         5e+06   1.98609e+06
        0.267         5e+06   1.98561e+06
        0.268         5e+06   1.98512e+06
        0.269         5e+06   1.98464e+06
         0.27         5e+06   1.98417e+06
        0.271         5e+06   1.98369e+06
        0.272         5e+06   1.98322e+06
        0.273         5e+06   1.98275e+06
        0.274         5e+06   1.98228e+06
        0.275         5e+06   1.98182e+06
        0.276         5e+06   1.98135e+06
        0.277         5e+06   1.98089e+06
        0.278         5e+06   1.98043e+06
        0.279         5e+06   1.97998e+06
         0.28         5e+06   1.97952e+06
        0.281         5e+06   1.97907e+06
        0.282         5e+06   1.97862e+06
        0.283   4.99999e+06   1.97817e+06
        0.284   4.99999e+06   1.97772e+06
        0.285   4.99999e+06   1.97728e+06
        0.286   4.99999e+06   1.97683e+06
        0.287   4.99998e+06   1.97639e+06
        0.288   4.99998e+06   1.97595e+06
        0.289   4.99997e+06   1.97552e+06
         0.29   4.99997e+06   1.97508e+06
        0.291   4.99996e+06   1.97465e+06
        0.292   4.99995e+06   1.97422e+06
        0.293   4.99994e+06   1.97379e+06
        0.294   4.99993e+06   1.97336e+06
        0.295   4.99992e+06   1.97293e+06
        0.296    4.9999e+06   1.97251e+06
        0.297   4.99989e+06   1.97209e+06
        0.298   4.99987e+06   1.97167e+06
        0.299   4.99986e+06   1.97125e+06
          0.3   4.99984e+06   1.97083e+06
        0.301   4.99982e+06   1.97042e+06
        0.302   4.99979e+06      1.97e+06
        0.303   4.99977e+06   1.96959e+06
        0.304   4.99974e+06   1.96918e+06
        0.305   4.99971e+06   1.96877e+06
        0.306   4.99968e+06   1.96836e+06
        0.307   4.99965e+06   1.96796e+06
        0.308   4.99961e+06   1.96756e+06
        0.309   4.99957e+06   1.96715e+06
         0.31   4.99952e+06   1.96675e+06
        0.311   4.99947e+06   1.96635e+06
        0.312   4.99942e+06   1.96596e+06
        0.313   4.99936e+06   1.96556e+06
        0.314    4.9993e+06   1.96517e+06
        0.315   4.99923e+06   1.96477e+06
        0.316   4.99916e+06   1.96438e+06
        0.317   4.99908e+06   1.96399e+06
        0.318   4.99899e+06   1.96361e+06
        0.319    4.9989e+06   1.96322e+06
         0.32    4.9988e+06   1.96283e+06
        0.321   4.99869e+06   1.96245e+06
        0.322   4.99857e+06   1.96207e+06
        0.323   4.99844e+06   1.96169e+06
        0.324    4.9983e+06   1.96131e+06
        0.325   4.99815e+06   1.96093e+06
        0.326   4.99799e+06   1.96055e+06
        0.327   4.99781e+06   1.96018e+06
        0.328   4.99762e+06    1.9598e+06
        0.329   4.99742e+06   1.95943e+06
         0.33   4.99719e+06   1.95906e+06
        0.331   4.99695e+06   1.95869e+06
        0.332   4.99669e+06   1.95832e+06
        0.333   4.99641e+06   1.95796e+06
        0.334    4.9961e+06   1.95759e+06
        0.335   4.99577e+06   1.95723e+06
        0.336   4.99542e+06   1.95686e+06
        0.337   4.99503e+06    1.9565e+06
        0.338   4.99462e+06   1.95614e+06
        0.339   4.99417e+06   1.95578e+06
         0.34   4.99369e+06   1.95542e+06
        0.341   4.99316e+06   1.95507e+06
        0.342    4.9926e+06   1.95472e+06
        0.343   4.99199e+06   1.95436e+06
        0.344   4.99133e+06   1.95401e+06
        0.345   4.99063e+06   1.95366e+06
        0.346   4.98987e+06   1.95331e+06
        0.347   4.98905e+06   1.95296e+06
        0.348   4.98816e+06   1.95261e+06
        0.349   4.98721e+06   1.95226e+06
         0.35   4.98619e+06   1.95192e+06
        0.351    4.9851e+06   1.95157e+06
        0.352   4.98392e+06   1.95123e+06
        0.353   4.98266e+06   1.95089e+06
        0.354   4.98131e+06   1.95054e+06
        0.355   4.97986e+06    1.9502e+06
        0.356   4.97831e+06   1.94986e+06
        0.357   4.97665e+06   1.94953e+06
        0.358   4.97488e+06   1.94919e+06
        0.359     4.973e+06   1.94885e+06
         0.36   4.97099e+06   1.94852e+06
        0.361   4.96885e+06   1.94819e+06
        0.362   4.96658e+06   1.94785e+06
        0.363   4.96417e+06   1.94752e+06
        0.364   4.96161e+06   1.94719e+06
        0.365    4.9589e+06   1.94686e+06
        0.366   4.95604e+06   1.94653e+06
        0.367   4.95301e+06   1.94621e+06
        0.368   4.94982e+06   1.94588e+06
        0.369   4.94646e+06   1.94555e+06
         0.37   4.94293e+06   1.94523e+06
        0.371   4.93921e+06   1.94491e+06
        0.372   4.93532e+06   1.94459e+06
        0.373   4.93125e+06   1.94426e+06
        0.374   4.92699e+06   1.94394e+06
        0.375   4.92254e+06   1.94363e+06
        0.376   4.91791e+06   1.94331e+06
        0.377   4.91309e+06   1.94299e+06
        0.378   4.90808e+06   1.94267e+06
        0.379   4.90288e+06   1.94236e+06
         0.38    4.8975e+06   1.94205e+06
        0.381   4.89193e+06   1.94173e+06
        0.382   4.88617e+06   1.94142e+06
        0.383   4.88024e+06   1.94111e+06
        0.384   4.87413e+06    1.9408e+06
        0.385   4.86784e+06   1.94049e+06
        0.386   4.86138e+06   1.94018e+06
        0.387   4.85476e+06   1.93988e+06
        0.388   4.84797e+06   1.93957e+06
        0.389   4.84103e+06   1.93926e+06
         0.39   4.83393e+06   1.93896e+06
        0.391   4.82669e+06   1.93866e+06
        0.392    4.8193e+06   1.93835e+06
        0.393   4.81178e+06   1.93805e+06
        0.394   4.80412e+06   1.93775e+06
        0.395   4.79634e+06   1.93745e+06
        0.396   4.78844e+06   1.93715e+06
        0.397   4.78043e+06   1.93685e+06
        0.398   4.77231e+06   1.93656e+06
        0.399   4.76408e+06   1.93626e+06
          0.4   4.75576e+06   1.93596e+06
        0.401   4.74734e+06   1.93567e+06
        0.402   4.73884e+06   1.93538e+06
        0.403   4.73025e+06   1.93508e+06
        0.404   4.72158e+06   1.93479e+06
        0.405   4.71284e+06    1.9345e+06
        0.406   4.70403e+06   1.93421e+06
        0.407   4.69515e+06   1.93392e+06
        0.408   4.68621e+06   1.93363e+06
        0.409   4.67721e+06   1.93334e+06
         0.41   4.66815e+06   1.93306e+06
        0.411   4.65903e+06   1.93277e+06
        0.412   4.64987e+06   1.93249e+06
        0.413   4.64065e+06    1.9322e+06
        0.414   4.63138e+06   1.93192e+06
        0.415   4.62207e+06   1.93164e+06
        0.416    4.6127e+06   1.93135e+06
        0.417    4.6033e+06   1.93107e+06
        0.418   4.59384e+06   1.93079e+06
        0.419   4.58434e+06   1.93051e+06
         0.42   4.57479e+06   1.93023e+06
        0.421   4.56519e+06   1.92996e+06
        0.422   4.55554e+06   1.92968e+06
        0.423   4.54585e+06    1.9294e+06
        0.424    4.5361e+06   1.92913e+06
        0.425   4.52629e+06   1.92885e+06
        0.426   4.51643e+06   1.92858e+06
        0.427   4.50651e+06    1.9283e+06
        0.428   4.49653e+06   1.92803e+06
        0.429   4.48648e+06   1.92776e+06
         0.43   4.47637e+06   1.92749e+06
        0.431   4.46618e+06   1.92722e+06
        0.432   4.45591e+06   1.92695e+06
        0.433   4.44557e+06   1.92668e+06
        0.434   4.43515e+06   1.92641e+06
        0.435   4.42464e+06   1.92614e+06
        0.436   4.41404e+06   1.92588e+06
        0.437   4.40334e+06   1.92561e+06
        0.438   4.39255e+06   1.92535e+06
        0.439   4.38166e+06   1.92508e+06
         0.44   4.37067e+06   1.92482e+06
        0.441   4.35957e+06   1.92455e+06
        0.442   4.34836e+06   1.92429e+06
        0.443   4.33705e+06   1.92403e+06
        0.444   4.32561e+06   1.92377e+06
        0.445   4.31407e+06   1.92351e+06
        0.446    4.3024e+06   1.92325e+06
        0.447   4.29062e+06   1.92299e+06
        0.448   4.27873e+06   1.92273e+06
        0.449   4.26671e+06   1.92247e+06
         0.45   4.25458e+06   1.92222e+06
        0.451   4.24233e+06   1.92196e+06
        0.452   4.22996e+06   1.92171e+06
        0.453   4.21748e+06   1.92145e+06
        0.454   4.20489e+06    1.9212e+06
        0.455   4.19219e+06   1.92094e+06
        0.456   4.17938e+06   1.92069e+06
        0.457   4.16647e+06   1.92044e+06
        0.458   4.15346e+06   1.92019e+06
        0.459   4.14035e+06   1.91994e+06
         0.46   4.12715e+06   1.91969e+06
        0.461   4.11386e+06   1.91944e+06
        0.462   4.10049e+06   1.91919e+06
        0.463   4.08704e+06   1.91894e+06
        0.464   4.07352e+06   1.91869e+06
        0.465   4.05993e+06   1.91845e+06
        0.466   4.04627e+06    1.9182e+06
        0.467   4.03256e+06   1.91795e+06
        0.468   4.01879e+06   1.91771e+06
        0.469   4.00497e+06   1.91747e+06
         0.47   3.99111e+06   1.91722e+06
        0.471   3.97722e+06   1.91698e+06
        0.472   3.96329e+06   1.91674e+06
        0.473   3.94934e+06   1.91649e+06
        0.474   3.93536e+06   1.91625e+06
        0.475   3.92136e+06   1.91601e+06
        0.476   3.90736e+06   1.91577e+06
        0.477   3.89334e+06   1.91553e+06
        0.478   3.87932e+06   1.91529e+06
        0.479    3.8653e+06   1.91506e+06
         0.48   3.85129e+06   1.91482e+06
        0.481   3.83729e+06   1.91458e+06
        0.482    3.8233e+06   1.91435e+06
        0.483   3.80933e+06   1.91411e+06
        0.484   3.79537e+06   1.91387e+06
        0.485   3.78145e+06   1.91364e+06
        0.486   3.76754e+06   1.91341e+06
        0.487   3.75367e+06   1.91317e+06
        0.488   3.73984e+06   1.91294e+06
        0.489   3.72604e+06   1.91271e+06
         0.49   3.71228e+06   1.91248e+06
        0.491   3.69856e+06   1.91225e+06
        0.492   3.68488e+06   1.91201e+06
        0.493   3.67125e+06   1.91179e+06
        0.494   3.65767e+06   1.91156e+06
        0.495   3.64414e+06   1.91133e+06
        0.496   3.63066e+06    1.9111e+06
        0.497   3.61723e+06   1.91087e+06
        0.498   3.60386e+06   1.91064e+06
        0.499   3.59055e+06   1.91042e+06
          0.5    3.5773e+06   1.91019e+06
        0.501    3.5641e+06   1.90997e+06
        0.502   3.55096e+06   1.90974e+06
        0.503   3.53789e+06   1.90952e+06
        0.504   3.52488e+06   1.90929e+06
        0.505   3.51193e+06   1.90907e+06
        0.506   3.49905e+06   1.90885e+06
        0.507   3.48623e+06   1.90863e+06
        0.508   3.47347e+06    1.9084e+06
        0.509   3.46078e+06   1.90818e+06
         0.51   3.44816e+06   1.90796e+06
        0.511   3.43561e+06   1.90774e+06
        0.512   3.42312e+06   1.90752e+06
        0.513    3.4107e+06   1.90731e+06
        0.514   3.39835e+06   1.90709e+06
        0.515   3.38607e+06   1.90687e+06
        0.516   3.37385e+06   1.90665e+06
        0.517    3.3617e+06   1.90644e+06
        0.518   3.34963e+06   1.90622e+06
        0.519   3.33762e+06     1.906e+06
         0.52   3.32568e+06   1.90579e+06
        0.521    3.3138e+06   1.90557e+06
        0.522     3.302e+06   1.90536e+06
        0.523   3.29026e+06   1.90515e+06
        0.524   3.27859e+06   1.90493e+06
        0.525   3.26699e+06   1.90472e+06
        0.526   3.25546e+06   1.90451e+06
        0.527   3.24399e+06    1.9043e+06
        0.528    3.2326e+06   1.90409e+06
        0.529   3.22127e+06   1.90388e+06
         0.53      3.21e+06   1.90367e+06
        0.531   3.19881e+06   1.90346e+06
        0.532   3.18768e+06   1.90325e+06
        0.533   3.17661e+06   1.90304e+06
        0.534   3.16561e+06   1.90283e+06
        0.535   3.15468e+06   1.90262e+06
        0.536   3.14381e+06   1.90242e+06
        0.537     3.133e+06   1.90221e+06
        0.538   3.12226e+06     1.902e+06
        0.539   3.11159e+06    1.9018e+06
         0.54   3.10097e+06   1.90159e+06
        0.541   3.09042e+06   1.90139e+06
        0.542   3.07993e+06   1.90118e+06
        0.543    3.0695e+06   1.90098e+06
        0.544   3.05913e+06   1.90078e+06
        0.545   3.04883e+06   1.90057e+06
        0.546   3.03859e+06   1.90037e+06
        0.547   3.02841e+06   1.90017e+06
        0.548   3.01829e+06   1.89997e+06
        0.549   3.00822e+06   1.89977e+06
         0.55   2.99822e+06   1.89957e+06
        0.551   2.98827e+06   1.89937e+06
        0.552   2.97838e+06   1.89917e+06
        0.553   2.96855e+06   1.89897e+06
        0.554   2.95878e+06   1.89877e+06
        0.555   2.94906e+06   1.89857e+06
        0.556    2.9394e+06   1.89838e+06
        0.557   2.92979e+06   1.89818e+06
        0.558   2.92024e+06   1.89798e+06
        0.559   2.91075e+06   1.89778e+06
         0.56   2.90131e+06   1.89759e+06
        0.561   2.89192e+06   1.89739e+06
        0.562   2.88258e+06    1.8972e+06
        0.563    2.8733e+06     1.897e+06
        0.564   2.86407e+06   1.89681e+06
        0.565    2.8549e+06   1.89661e+06
        0.566   2.84577e+06   1.89642e+06
        0.567    2.8367e+06   1.89622e+06
        0.568   2.82768e+06   1.89603e+06
        0.569   2.81871e+06   1.89584e+06
         0.57   2.80979e+06   1.89564e+06
        0.571   2.80091e+06   1.89545e+06
        0.572   2.79209e+06   1.89525e+06
        0.573   2.78331e+06   1.89506e+06
        0.574   2.77459e+06   1.89487e+06
        0.575   2.76591e+06   1.89467e+06
        0.576   2.75728e+06   1.89448e+06
        0.577   2.74869e+06   1.89429e+06
        0.578   2.74015e+06   1.89409e+06
        0.579   2.73166e+06    1.8939e+06
         0.58   2.72321e+06   1.89371e+06
        0.581   2.71481e+06   1.89351e+06
        0.582   2.70645e+06   1.89332e+06
        0.583   2.69814e+06   1.89312e+06
        0.584   2.68987e+06   1.89292e+06
        0.585   2.68164e+06   1.89273e+06
        0.586   2.67346e+06   1.89253e+06
        0.587   2.66532e+06   1.89233e+06
        0.588   2.65722e+06   1.89213e+06
        0.589   2.64916e+06   1.89193e+06
         0.59   2.64115e+06   1.89172e+06
        0.591   2.63317e+06   1.89152e+06
        0.592   2.62524e+06   1.89131e+06
        0.593   2.61734e+06    1.8911e+06
        0.594   2.60948e+06   1.89089e+06
        0.595   2.60166e+06   1.89068e+06
        0.596   2.59388e+06   1.89046e+06
        0.597   2.58614e+06   1.89024e+06
        0.598   2.57843e+06   1.89002e+06
        0.599   2.57076e+06   1.88979e+06
          0.6   2.56312e+06   1.88956e+06
        0.601   2.55552e+06   1.88933e+06
        0.602   2.54796e+06   1.88909e+06
        0.603   2.54043e+06   1.88884e+06
        0.604   2.53293e+06   1.88859e+06
        0.605   2.52547e+06   1.88833e+06
        0.606   2.51804e+06   1.88806e+06
        0.607   2.51064e+06   1.88779e+06
        0.608   2.50327e+06    1.8875e+06
        0.609   2.49594e+06   1.88721e+06
         0.61   2.48863e+06    1.8869e+06
        0.611   2.48136e+06   1.88659e+06
        0.612   2.47413e+06   1.88626e+06
        0.613   2.46692e+06   1.88592e+06
        0.614   2.45975e+06   1.88556e+06
        0.615    2.4526e+06   1.88519e+06
        0.616   2.44548e+06   1.88481e+06
        0.617    2.4384e+06    1.8844e+06
        0.618   2.43135e+06   1.88397e+06
        0.619   2.42433e+06   1.88353e+06
         0.62   2.41734e+06   1.88306e+06
        0.621   2.41039e+06   1.88257e+06
        0.622   2.40346e+06   1.88205e+06
        0.623   2.39657e+06    1.8815e+06
        0.624   2.38972e+06   1.88093e+06
        0.625   2.38289e+06   1.88033e+06
        0.626   2.37609e+06   1.87969e+06
        0.627   2.36933e+06   1.87902e+06
        0.628    2.3626e+06   1.87831e+06
        0.629   2.35591e+06   1.87757e+06
         0.63   2.34925e+06   1.87679e+06
        0.631   2.34262e+06   1.87596e+06
        0.632   2.33602e+06    1.8751e+06
        0.633   2.32946e+06   1.87418e+06
        0.634   2.32293e+06   1.87323e+06
        0.635   2.31643e+06   1.87222e+06
        0.636   2.30997e+06   1.87116e+06
        0.637   2.30353e+06   1.87006e+06
        0.638   2.29713e+06    1.8689e+06
        0.639   2.29076e+06   1.86769e+06
         0.64   2.28442e+06   1.86642e+06
        0.641   2.27812e+06    1.8651e+06
        0.642   2.27185e+06   1.86372e+06
        0.643   2.26561e+06   1.86228e+06
        0.644    2.2594e+06   1.86078e+06
        0.645   2.25322e+06   1.85922e+06
        0.646   2.24708e+06   1.85761e+06
        0.647   2.24097e+06   1.85593e+06
        0.648   2.23488e+06   1.85419e+06
        0.649   2.22883e+06    1.8524e+06
         0.65   2.22281e+06   1.85054e+06
        0.651   2.21682e+06   1.84862e+06
        0.652   2.21086e+06   1.84664e+06
        0.653   2.20493e+06    1.8446e+06
        0.654   2.19903e+06    1.8425e+06
        0.655   2.19316e+06   1.84034e+06
        0.656   2.18732e+06   1.83812e+06
        0.657   2.18151e+06   1.83584e+06
        0.658   2.17572e+06    1.8335e+06
        0.659   2.16997e+06   1.83111e+06
         0.66   2.16425e+06   1.82866e+06
        0.661   2.15855e+06   1.82614e+06
        0.662   2.15288e+06   1.82357e+06
        0.663   2.14724e+06   1.82094e+06
        0.664   2.14163e+06   1.81823e+06
        0.665   2.13605e+06   1.81545e+06
        0.666   2.13049e+06   1.81256e+06
        0.667   2.12497e+06   1.80955e+06
        0.668   2.11947e+06   1.80649e+06
        0.669   2.11399e+06   1.80354e+06
         0.67   2.10854e+06   1.80072e+06
        0.671   2.10312e+06   1.79795e+06
        0.672   2.09773e+06   1.79516e+06
        0.673   2.09236e+06   1.79231e+06
        0.674   2.08702e+06   1.78924e+06
        0.675    2.0817e+06   1.78606e+06
        0.676   2.07641e+06     1.783e+06
        0.677   2.07114e+06   1.78003e+06
        0.678    2.0659e+06   1.77714e+06
        0.679   2.06068e+06   1.77442e+06
         0.68   2.05549e+06   1.77157e+06
        0.681   2.05032e+06   1.76838e+06
        0.682   2.04518e+06   1.76499e+06
        0.683   2.04006e+06   1.76168e+06
        0.684   2.03497e+06   1.75852e+06
        0.685    2.0299e+06   1.75545e+06
        0.686   2.02485e+06    1.7524e+06
        0.687   2.01983e+06   1.74939e+06
        0.688   2.01483e+06   1.74635e+06
        0.689   2.00985e+06   1.74335e+06
         0.69   2.00489e+06   1.74045e+06
        0.691   1.99996e+06   1.73748e+06
        0.692   1.99505e+06   1.73426e+06
        0.693   1.99017e+06   1.73097e+06
        0.694    1.9853e+06   1.72771e+06
        0.695   1.98046e+06   1.72449e+06
        0.696   1.97564e+06   1.72127e+06
        0.697   1.97084e+06   1.71804e+06
        0.698   1.96607e+06   1.71478e+06
        0.699   1.96131e+06   1.71162e+06
          0.7   1.95658e+06   1.70856e+06
        0.701   1.95189e+06   1.70536e+06
        0.702   1.94724e+06   1.70181e+06
        0.703   1.94265e+06   1.69816e+06
        0.704   1.93804e+06   1.69455e+06
        0.705   1.93339e+06   1.69098e+06
        0.706   1.92888e+06    1.6875e+06
        0.707   1.92448e+06   1.68415e+06
        0.708   1.91993e+06   1.68089e+06
        0.709   1.91523e+06   1.67761e+06
         0.71   1.91064e+06   1.67406e+06
        0.711   1.90615e+06    1.6705e+06
        0.712   1.90171e+06     1.667e+06
        0.713   1.89735e+06   1.66359e+06
        0.714   1.89298e+06   1.66027e+06
        0.715   1.88856e+06   1.65699e+06
        0.716   1.88415e+06   1.65367e+06
        0.717   1.87977e+06      1.65e+06
        0.718   1.87542e+06   1.64614e+06
        0.719   1.87111e+06   1.64237e+06
         0.72    1.8668e+06   1.63876e+06
        0.721   1.86249e+06   1.63523e+06
        0.722    1.8582e+06   1.63175e+06
        0.723   1.85392e+06   1.62829e+06
        0.724   1.84967e+06   1.62488e+06
        0.725   1.84544e+06    1.6215e+06
        0.726   1.84124e+06    1.6181e+06
        0.727   1.83705e+06   1.61468e+06
        0.728   1.83288e+06   1.61098e+06
        0.729   1.82873e+06   1.60728e+06
         0.73   1.82459e+06   1.60373e+06
        0.731   1.82047e+06   1.60024e+06
        0.732   1.81637e+06   1.59675e+06
        0.733   1.81229e+06   1.59325e+06
        0.734   1.80823e+06   1.58959e+06
        0.735   1.80419e+06   1.58604e+06
        0.736   1.80016e+06   1.58246e+06
        0.737   1.79612e+06   1.57862e+06
        0.738   1.79207e+06    1.5747e+06
        0.739   1.78797e+06   1.57098e+06
         0.74    1.7838e+06   1.56738e+06
        0.741   1.77954e+06   1.56384e+06
        0.742   1.77518e+06    1.5603e+06
        0.743   1.77061e+06   1.55676e+06
        0.744   1.76629e+06   1.55313e+06
        0.745   1.76214e+06    1.5496e+06
        0.746   1.75805e+06   1.54613e+06
        0.747   1.75401e+06   1.54266e+06
        0.748   1.74999e+06    1.5391e+06
        0.749     1.746e+06   1.53533e+06
         0.75   1.74203e+06   1.53158e+06
        0.751   1.73807e+06   1.52801e+06
        0.752   1.73414e+06   1.52452e+06
        0.753   1.73023e+06   1.52109e+06
        0.754   1.72633e+06   1.51771e+06
        0.755   1.72245e+06   1.51437e+06
        0.756   1.71859e+06    1.5112e+06
        0.757   1.71475e+06   1.50788e+06
        0.758   1.71092e+06   1.50449e+06
        0.759   1.70711e+06   1.50093e+06
         0.76   1.70333e+06   1.49726e+06
        0.761   1.69955e+06   1.49373e+06
        0.762    1.6958e+06    1.4903e+06
        0.763   1.69207e+06   1.48692e+06
        0.764   1.68836e+06   1.48359e+06
        0.765   1.68466e+06   1.48032e+06
        0.766   1.68098e+06   1.47738e+06
        0.767   1.67731e+06   1.47446e+06
        0.768   1.67367e+06   1.47132e+06
        0.769   1.67006e+06   1.46803e+06
         0.77   1.66646e+06   1.46446e+06
        0.771   1.66285e+06   1.46085e+06
        0.772   1.65926e+06   1.45725e+06
        0.773   1.65571e+06   1.45365e+06
        0.774   1.65221e+06   1.45017e+06
        0.775   1.64871e+06   1.44678e+06
        0.776    1.6452e+06   1.44347e+06
        0.777   1.64168e+06   1.44043e+06
        0.778   1.63821e+06   1.43752e+06
        0.779    1.6348e+06   1.43472e+06
         0.78   1.63141e+06   1.43175e+06
        0.781   1.62798e+06   1.42861e+06
        0.782   1.62451e+06   1.42521e+06
        0.783   1.62111e+06   1.42172e+06
        0.784   1.61782e+06   1.41824e+06
        0.785   1.61452e+06   1.41476e+06
        0.786   1.61114e+06   1.41132e+06
        0.787   1.60775e+06   1.40797e+06
        0.788   1.60453e+06   1.40473e+06
        0.789   1.60136e+06   1.40186e+06
         0.79   1.59811e+06   1.39915e+06
        0.791   1.59479e+06   1.39626e+06
        0.792    1.5915e+06    1.3932e+06
        0.793   1.58833e+06   1.38991e+06
        0.794   1.58514e+06   1.38653e+06
        0.795    1.5819e+06   1.38317e+06
        0.796    1.5787e+06    1.3798e+06
        0.797   1.57557e+06    1.3765e+06
        0.798   1.57241e+06   1.37327e+06
        0.799   1.56924e+06   1.37027e+06
          0.8   1.56615e+06   1.36754e+06
        0.801   1.56312e+06   1.36477e+06
        0.802    1.5601e+06   1.36178e+06
        0.803   1.55709e+06   1.35865e+06
        0.804   1.55406e+06   1.35536e+06
        0.805   1.55099e+06   1.35207e+06
        0.806   1.54789e+06    1.3488e+06
        0.807   1.54476e+06   1.34559e+06
        0.808   1.54167e+06   1.34244e+06
        0.809   1.53864e+06   1.33959e+06
         0.81   1.53569e+06   1.33689e+06
        0.811   1.53278e+06   1.33416e+06
        0.812   1.52986e+06   1.33123e+06
        0.813   1.52691e+06   1.32813e+06
        0.814   1.52397e+06   1.32491e+06
        0.815   1.52111e+06   1.32173e+06
        0.816   1.51844e+06   1.31854e+06
        0.817   1.51531e+06   1.31535e+06
        0.818   1.51235e+06   1.31221e+06
        0.819   1.50952e+06   1.30924e+06
         0.82   1.50668e+06   1.30651e+06
        0.821    1.5038e+06   1.30384e+06
        0.822   1.50088e+06   1.30124e+06
        0.823   1.49795e+06   1.29867e+06
        0.824   1.49509e+06   1.29592e+06
        0.825   1.49234e+06   1.29301e+06
        0.826   1.48966e+06   1.28993e+06
        0.827   1.48702e+06   1.28689e+06
        0.828   1.48436e+06   1.28382e+06
        0.829   1.48167e+06    1.2807e+06
         0.83   1.47893e+06   1.27762e+06
        0.831   1.47611e+06   1.27463e+06
        0.832   1.47322e+06   1.27186e+06
        0.833   1.47027e+06   1.26924e+06
        0.834   1.46733e+06   1.26676e+06
        0.835   1.46451e+06   1.26418e+06
        0.836   1.46185e+06   1.26144e+06
        0.837   1.45926e+06   1.25852e+06
        0.838   1.45667e+06   1.25557e+06
        0.839   1.45405e+06   1.25265e+06
         0.84   1.45144e+06   1.24967e+06
        0.841   1.44889e+06    1.2467e+06
        0.842   1.44646e+06    1.2438e+06
        0.843   1.44417e+06   1.24119e+06
        0.844   1.44197e+06   1.23867e+06
        0.845   1.43979e+06   1.23597e+06
        0.846   1.43758e+06   1.23316e+06
        0.847   1.43534e+06   1.23025e+06
        0.848   1.43304e+06   1.22736e+06
        0.849    1.4307e+06   1.22446e+06
         0.85   1.42831e+06   1.22157e+06
        0.851   1.42586e+06   1.21873e+06
        0.852   1.42337e+06    1.2161e+06
        0.853   1.42084e+06   1.21359e+06
        0.854   1.41826e+06   1.21113e+06
        0.855   1.41561e+06   1.20869e+06
        0.856    1.4129e+06   1.20631e+06
        0.857   1.41014e+06   1.20399e+06
        0.858   1.40729e+06   1.20164e+06
        0.859   1.40435e+06    1.1991e+06
         0.86   1.40164e+06   1.19639e+06
        0.861   1.39905e+06   1.19348e+06
        0.862    1.3965e+06    1.1905e+06
        0.863   1.39401e+06   1.18759e+06
        0.864   1.39171e+06   1.18473e+06
        0.865   1.38987e+06   1.18195e+06
        0.866   1.38791e+06   1.17941e+06
        0.867   1.38584e+06   1.17696e+06
        0.868   1.38373e+06   1.17456e+06
        0.869   1.38156e+06   1.17222e+06
         0.87    1.3793e+06   1.16995e+06
        0.871   1.37696e+06   1.16755e+06
        0.872   1.37456e+06   1.16502e+06
        0.873   1.37215e+06   1.16236e+06
        0.874   1.36974e+06   1.15957e+06
        0.875   1.36736e+06   1.15682e+06
        0.876     1.365e+06   1.15408e+06
        0.877   1.36267e+06   1.15139e+06
        0.878   1.36036e+06   1.14883e+06
        0.879    1.3581e+06   1.14646e+06
         0.88   1.35586e+06   1.14415e+06
        0.881   1.35365e+06   1.14188e+06
        0.882   1.35146e+06   1.13964e+06
        0.883   1.34929e+06   1.13742e+06
        0.884   1.34713e+06   1.13522e+06
        0.885     1.345e+06   1.13307e+06
        0.886   1.34287e+06   1.13095e+06
        0.887   1.34074e+06   1.12869e+06
        0.888    1.3386e+06   1.12631e+06
        0.889   1.33647e+06    1.1238e+06
         0.89   1.33436e+06   1.12108e+06
        0.891   1.33224e+06   1.11849e+06
        0.892   1.33012e+06   1.11592e+06
        0.893   1.32801e+06    1.1134e+06
        0.894   1.32591e+06   1.11103e+06
        0.895   1.32382e+06    1.1088e+06
        0.896   1.32175e+06   1.10663e+06
        0.897   1.31967e+06   1.10448e+06
        0.898   1.31761e+06   1.10234e+06
        0.899   1.31554e+06   1.10025e+06
          0.9   1.31348e+06   1.09812e+06
        0.901   1.31143e+06   1.09588e+06
        0.902   1.30939e+06   1.09352e+06
        0.903   1.30735e+06   1.09114e+06
        0.904   1.30532e+06   1.08872e+06
        0.905   1.30329e+06   1.08632e+06
        0.906   1.30128e+06   1.08395e+06
        0.907   1.29928e+06   1.08165e+06
        0.908   1.29729e+06   1.07951e+06
        0.909   1.29532e+06    1.0774e+06
         0.91   1.29336e+06   1.07533e+06
        0.911   1.29141e+06    1.0733e+06
        0.912   1.28945e+06   1.07125e+06
        0.913   1.28749e+06   1.06908e+06
        0.914   1.28554e+06    1.0668e+06
        0.915   1.28359e+06   1.06436e+06
        0.916   1.28165e+06   1.06192e+06
        0.917   1.27972e+06   1.05954e+06
        0.918   1.27779e+06    1.0572e+06
        0.919   1.27588e+06   1.05493e+06
         0.92   1.27398e+06   1.05283e+06
        0.921   1.27209e+06   1.05078e+06
        0.922   1.27021e+06   1.04876e+06
        0.923   1.26834e+06   1.04677e+06
        0.924   1.26647e+06    1.0448e+06
        0.925   1.26461e+06   1.04284e+06
        0.926   1.26276e+06    1.0409e+06
        0.927   1.26091e+06   1.03897e+06
        0.928   1.25908e+06   1.03705e+06
        0.929   1.25725e+06   1.03516e+06
         0.93   1.25542e+06   1.03329e+06
        0.931   1.25361e+06   1.03139e+06
        0.932    1.2518e+06   1.02938e+06
        0.933      1.25e+06   1.02725e+06
        0.934   1.24821e+06   1.02486e+06
        0.935   1.24643e+06   1.02249e+06
        0.936   1.24465e+06   1.02023e+06
        0.937   1.24289e+06   1.01799e+06
        0.938   1.24113e+06   1.01583e+06
        0.939   1.23937e+06   1.01382e+06
         0.94   1.23763e+06   1.01185e+06
        0.941   1.23589e+06   1.00994e+06
        0.942   1.23416e+06   1.00803e+06
        0.943   1.23244e+06   1.00614e+06
        0.944   1.23072e+06   1.00426e+06
        0.945   1.22901e+06    1.0024e+06
        0.946   1.22731e+06   1.00056e+06
        0.947   1.22562e+06        998737
        0.948   1.22393e+06        996939
        0.949   1.22225e+06        995163
         0.95   1.22058e+06        993314
        0.951   1.21891e+06        991373
        0.952   1.21725e+06        989321
        0.953    1.2156e+06        987078
        0.954   1.21395e+06        984960
        0.955   1.21231e+06        982877
        0.956   1.21068e+06        980825
        0.957   1.20906e+06        978905
        0.958   1.20744e+06        977038
        0.959   1.20583e+06        975202
         0.96   1.20422e+06        973388
        0.961   1.20262e+06        971592
        0.962   1.20103e+06        969800
        0.963   1.19944e+06        968030
        0.964   1.19787e+06        966297
        0.965   1.19629e+06        964562
        0.966   1.19473e+06        962746
        0.967   1.19316e+06        960866
        0.968   1.19161e+06        958945
        0.969   1.19006e+06        956967
         0.97   1.18852e+06        955042
        0.971   1.18698e+06        953128
        0.972   1.18545e+06        951273
        0.973   1.18393e+06        949506
        0.974   1.18241e+06        947760
        0.975    1.1809e+06        946034
        0.976   1.17939e+06        944321
        0.977   1.17789e+06        942747
        0.978   1.17639e+06        941093
        0.979    1.1749e+06        939385
         0.98   1.17342e+06        937581
        0.981   1.17194e+06        935702
        0.982   1.17047e+06        933742
        0.983     1.169e+06        931800
        0.984   1.16754e+06        929899
        0.985   1.16608e+06        928015
        0.986   1.16463e+06        926200
        0.987   1.16318e+06        924442
        0.988   1.16174e+06        922701
        0.989    1.1603e+06        920973
         0.99   1.15887e+06        919253
        0.991   1.15744e+06        917535
        0.992   1.15602e+06        915781
        0.993    1.1546e+06        914056
        0.994   1.15318e+06        912352
        0.995   1.15178e+06        910605
        0.996   1.15037e+06        908807
        0.997   1.14897e+06        906989
        0.998   1.14758e+06        905114
        0.999   1.14619e+06        903300
            1    1.1448e+06        901501
