/*--------------------------------*- C++ -*----------------------------------*\
| =========                 |                                                 |
| \\      /  F ield         | OpenFOAM: The Open Source CFD Toolbox           |
|  \\    /   O peration     | Version:  2.4.0                                 |
|   \\  /    A nd           | Web:      www.OpenFOAM.org                      |
|    \\/     M anipulation  |                                                 |
\*---------------------------------------------------------------------------*/
FoamFile
{
    version     2.0;
    format      ascii;
    class       vectorField;
    location    "constant/polyMesh";
    object      points;
}
// * * * * * * * * * * * * * * * * * * * * * * * * * * * * * * * * * * * * * //


4004
(
(-5 -1 -1)
(-4.99 -0.9991 -1)
(-4.98 -0.9982 -1)
(-4.97 -0.9973 -1)
(-4.96 -0.9964 -1)
(-4.95 -0.9955 -1)
(-4.94 -0.9946 -1)
(-4.93 -0.9937 -1)
(-4.92 -0.9928 -1)
(-4.91 -0.9919 -1)
(-4.9 -0.991 -1)
(-4.89 -0.9901 -1)
(-4.88 -0.9892 -1)
(-4.87 -0.9883 -1)
(-4.86 -0.9874 -1)
(-4.85 -0.9865 -1)
(-4.84 -0.9856 -1)
(-4.83 -0.9847 -1)
(-4.82 -0.9838 -1)
(-4.81 -0.9829 -1)
(-4.8 -0.982 -1)
(-4.79 -0.9811 -1)
(-4.78 -0.9802 -1)
(-4.77 -0.9793 -1)
(-4.76 -0.9784 -1)
(-4.75 -0.9775 -1)
(-4.74 -0.9766 -1)
(-4.73 -0.9757 -1)
(-4.72 -0.9748 -1)
(-4.71 -0.9739 -1)
(-4.7 -0.973 -1)
(-4.69 -0.9721 -1)
(-4.68 -0.9712 -1)
(-4.67 -0.9703 -1)
(-4.66 -0.9694 -1)
(-4.65 -0.9685 -1)
(-4.64 -0.9676 -1)
(-4.63 -0.9667 -1)
(-4.62 -0.9658 -1)
(-4.61 -0.9649 -1)
(-4.6 -0.964 -1)
(-4.59 -0.9631 -1)
(-4.58 -0.9622 -1)
(-4.57 -0.9613 -1)
(-4.56 -0.9604 -1)
(-4.55 -0.9595 -1)
(-4.54 -0.9586 -1)
(-4.53 -0.9577 -1)
(-4.52 -0.9568 -1)
(-4.51 -0.9559 -1)
(-4.5 -0.955 -1)
(-4.49 -0.9541 -1)
(-4.48 -0.9532 -1)
(-4.47 -0.9523 -1)
(-4.46 -0.9514 -1)
(-4.45 -0.9505 -1)
(-4.44 -0.9496 -1)
(-4.43 -0.9487 -1)
(-4.42 -0.9478 -1)
(-4.41 -0.9469 -1)
(-4.4 -0.946 -1)
(-4.39 -0.9451 -1)
(-4.38 -0.9442 -1)
(-4.37 -0.9433 -1)
(-4.36 -0.9424 -1)
(-4.35 -0.9415 -1)
(-4.34 -0.9406 -1)
(-4.33 -0.9397 -1)
(-4.32 -0.9388 -1)
(-4.31 -0.9379 -1)
(-4.3 -0.937 -1)
(-4.29 -0.9361 -1)
(-4.28 -0.9352 -1)
(-4.27 -0.9343 -1)
(-4.26 -0.9334 -1)
(-4.25 -0.9325 -1)
(-4.24 -0.9316 -1)
(-4.23 -0.9307 -1)
(-4.22 -0.9298 -1)
(-4.21 -0.9289 -1)
(-4.2 -0.928 -1)
(-4.19 -0.9271 -1)
(-4.18 -0.9262 -1)
(-4.17 -0.9253 -1)
(-4.16 -0.9244 -1)
(-4.15 -0.9235 -1)
(-4.14 -0.9226 -1)
(-4.13 -0.9217 -1)
(-4.12 -0.9208 -1)
(-4.11 -0.9199 -1)
(-4.1 -0.919 -1)
(-4.09 -0.9181 -1)
(-4.08 -0.9172 -1)
(-4.07 -0.9163 -1)
(-4.06 -0.9154 -1)
(-4.05 -0.9145 -1)
(-4.04 -0.9136 -1)
(-4.03 -0.9127 -1)
(-4.02 -0.9118 -1)
(-4.01 -0.9109 -1)
(-4 -0.91 -1)
(-3.99 -0.9091 -1)
(-3.98 -0.9082 -1)
(-3.97 -0.9073 -1)
(-3.96 -0.9064 -1)
(-3.95 -0.9055 -1)
(-3.94 -0.9046 -1)
(-3.93 -0.9037 -1)
(-3.92 -0.9028 -1)
(-3.91 -0.9019 -1)
(-3.9 -0.901 -1)
(-3.89 -0.9001 -1)
(-3.88 -0.8992 -1)
(-3.87 -0.8983 -1)
(-3.86 -0.8974 -1)
(-3.85 -0.8965 -1)
(-3.84 -0.8956 -1)
(-3.83 -0.8947 -1)
(-3.82 -0.8938 -1)
(-3.81 -0.8929 -1)
(-3.8 -0.892 -1)
(-3.79 -0.8911 -1)
(-3.78 -0.8902 -1)
(-3.77 -0.8893 -1)
(-3.76 -0.8884 -1)
(-3.75 -0.8875 -1)
(-3.74 -0.8866 -1)
(-3.73 -0.8857 -1)
(-3.72 -0.8848 -1)
(-3.71 -0.8839 -1)
(-3.7 -0.883 -1)
(-3.69 -0.8821 -1)
(-3.68 -0.8812 -1)
(-3.67 -0.8803 -1)
(-3.66 -0.8794 -1)
(-3.65 -0.8785 -1)
(-3.64 -0.8776 -1)
(-3.63 -0.8767 -1)
(-3.62 -0.8758 -1)
(-3.61 -0.8749 -1)
(-3.6 -0.874 -1)
(-3.59 -0.8731 -1)
(-3.58 -0.8722 -1)
(-3.57 -0.8713 -1)
(-3.56 -0.8704 -1)
(-3.55 -0.8695 -1)
(-3.54 -0.8686 -1)
(-3.53 -0.8677 -1)
(-3.52 -0.8668 -1)
(-3.51 -0.8659 -1)
(-3.5 -0.865 -1)
(-3.49 -0.8641 -1)
(-3.48 -0.8632 -1)
(-3.47 -0.8623 -1)
(-3.46 -0.8614 -1)
(-3.45 -0.8605 -1)
(-3.44 -0.8596 -1)
(-3.43 -0.8587 -1)
(-3.42 -0.8578 -1)
(-3.41 -0.8569 -1)
(-3.4 -0.856 -1)
(-3.39 -0.8551 -1)
(-3.38 -0.8542 -1)
(-3.37 -0.8533 -1)
(-3.36 -0.8524 -1)
(-3.35 -0.8515 -1)
(-3.34 -0.8506 -1)
(-3.33 -0.8497 -1)
(-3.32 -0.8488 -1)
(-3.31 -0.8479 -1)
(-3.3 -0.847 -1)
(-3.29 -0.8461 -1)
(-3.28 -0.8452 -1)
(-3.27 -0.8443 -1)
(-3.26 -0.8434 -1)
(-3.25 -0.8425 -1)
(-3.24 -0.8416 -1)
(-3.23 -0.8407 -1)
(-3.22 -0.8398 -1)
(-3.21 -0.8389 -1)
(-3.2 -0.838 -1)
(-3.19 -0.8371 -1)
(-3.18 -0.8362 -1)
(-3.17 -0.8353 -1)
(-3.16 -0.8344 -1)
(-3.15 -0.8335 -1)
(-3.14 -0.8326 -1)
(-3.13 -0.8317 -1)
(-3.12 -0.8308 -1)
(-3.11 -0.8299 -1)
(-3.1 -0.829 -1)
(-3.09 -0.8281 -1)
(-3.08 -0.8272 -1)
(-3.07 -0.8263 -1)
(-3.06 -0.8254 -1)
(-3.05 -0.8245 -1)
(-3.04 -0.8236 -1)
(-3.03 -0.8227 -1)
(-3.02 -0.8218 -1)
(-3.01 -0.8209 -1)
(-3 -0.82 -1)
(-2.99 -0.8191 -1)
(-2.98 -0.8182 -1)
(-2.97 -0.8173 -1)
(-2.96 -0.8164 -1)
(-2.95 -0.8155 -1)
(-2.94 -0.8146 -1)
(-2.93 -0.8137 -1)
(-2.92 -0.8128 -1)
(-2.91 -0.8119 -1)
(-2.9 -0.811 -1)
(-2.89 -0.8101 -1)
(-2.88 -0.8092 -1)
(-2.87 -0.8083 -1)
(-2.86 -0.8074 -1)
(-2.85 -0.8065 -1)
(-2.84 -0.8056 -1)
(-2.83 -0.8047 -1)
(-2.82 -0.8038 -1)
(-2.81 -0.8029 -1)
(-2.8 -0.802 -1)
(-2.79 -0.8011 -1)
(-2.78 -0.8002 -1)
(-2.77 -0.7993 -1)
(-2.76 -0.7984 -1)
(-2.75 -0.7975 -1)
(-2.74 -0.7966 -1)
(-2.73 -0.7957 -1)
(-2.72 -0.7948 -1)
(-2.71 -0.7939 -1)
(-2.7 -0.793 -1)
(-2.69 -0.7921 -1)
(-2.68 -0.7912 -1)
(-2.67 -0.7903 -1)
(-2.66 -0.7894 -1)
(-2.65 -0.7885 -1)
(-2.64 -0.7876 -1)
(-2.63 -0.7867 -1)
(-2.62 -0.7858 -1)
(-2.61 -0.7849 -1)
(-2.6 -0.784 -1)
(-2.59 -0.7831 -1)
(-2.58 -0.7822 -1)
(-2.57 -0.7813 -1)
(-2.56 -0.7804 -1)
(-2.55 -0.7795 -1)
(-2.54 -0.7786 -1)
(-2.53 -0.7777 -1)
(-2.52 -0.7768 -1)
(-2.51 -0.7759 -1)
(-2.5 -0.775 -1)
(-2.49 -0.7741 -1)
(-2.48 -0.7732 -1)
(-2.47 -0.7723 -1)
(-2.46 -0.7714 -1)
(-2.45 -0.7705 -1)
(-2.44 -0.7696 -1)
(-2.43 -0.7687 -1)
(-2.42 -0.7678 -1)
(-2.41 -0.7669 -1)
(-2.4 -0.766 -1)
(-2.39 -0.7651 -1)
(-2.38 -0.7642 -1)
(-2.37 -0.7633 -1)
(-2.36 -0.7624 -1)
(-2.35 -0.7615 -1)
(-2.34 -0.7606 -1)
(-2.33 -0.7597 -1)
(-2.32 -0.7588 -1)
(-2.31 -0.7579 -1)
(-2.3 -0.757 -1)
(-2.29 -0.7561 -1)
(-2.28 -0.7552 -1)
(-2.27 -0.7543 -1)
(-2.26 -0.7534 -1)
(-2.25 -0.7525 -1)
(-2.24 -0.7516 -1)
(-2.23 -0.7507 -1)
(-2.22 -0.7498 -1)
(-2.21 -0.7489 -1)
(-2.2 -0.748 -1)
(-2.19 -0.7471 -1)
(-2.18 -0.7462 -1)
(-2.17 -0.7453 -1)
(-2.16 -0.7444 -1)
(-2.15 -0.7435 -1)
(-2.14 -0.7426 -1)
(-2.13 -0.7417 -1)
(-2.12 -0.7408 -1)
(-2.11 -0.7399 -1)
(-2.1 -0.739 -1)
(-2.09 -0.7381 -1)
(-2.08 -0.7372 -1)
(-2.07 -0.7363 -1)
(-2.06 -0.7354 -1)
(-2.05 -0.7345 -1)
(-2.04 -0.7336 -1)
(-2.03 -0.7327 -1)
(-2.02 -0.7318 -1)
(-2.01 -0.7309 -1)
(-2 -0.73 -1)
(-1.99 -0.7291 -1)
(-1.98 -0.7282 -1)
(-1.97 -0.7273 -1)
(-1.96 -0.7264 -1)
(-1.95 -0.7255 -1)
(-1.94 -0.7246 -1)
(-1.93 -0.7237 -1)
(-1.92 -0.7228 -1)
(-1.91 -0.7219 -1)
(-1.9 -0.721 -1)
(-1.89 -0.7201 -1)
(-1.88 -0.7192 -1)
(-1.87 -0.7183 -1)
(-1.86 -0.7174 -1)
(-1.85 -0.7165 -1)
(-1.84 -0.7156 -1)
(-1.83 -0.7147 -1)
(-1.82 -0.7138 -1)
(-1.81 -0.7129 -1)
(-1.8 -0.712 -1)
(-1.79 -0.7111 -1)
(-1.78 -0.7102 -1)
(-1.77 -0.7093 -1)
(-1.76 -0.7084 -1)
(-1.75 -0.7075 -1)
(-1.74 -0.7066 -1)
(-1.73 -0.7057 -1)
(-1.72 -0.7048 -1)
(-1.71 -0.7039 -1)
(-1.7 -0.703 -1)
(-1.69 -0.7021 -1)
(-1.68 -0.7012 -1)
(-1.67 -0.7003 -1)
(-1.66 -0.6994 -1)
(-1.65 -0.6985 -1)
(-1.64 -0.6976 -1)
(-1.63 -0.6967 -1)
(-1.62 -0.6958 -1)
(-1.61 -0.6949 -1)
(-1.6 -0.694 -1)
(-1.59 -0.6931 -1)
(-1.58 -0.6922 -1)
(-1.57 -0.6913 -1)
(-1.56 -0.6904 -1)
(-1.55 -0.6895 -1)
(-1.54 -0.6886 -1)
(-1.53 -0.6877 -1)
(-1.52 -0.6868 -1)
(-1.51 -0.6859 -1)
(-1.5 -0.685 -1)
(-1.49 -0.6841 -1)
(-1.48 -0.6832 -1)
(-1.47 -0.6823 -1)
(-1.46 -0.6814 -1)
(-1.45 -0.6805 -1)
(-1.44 -0.6796 -1)
(-1.43 -0.6787 -1)
(-1.42 -0.6778 -1)
(-1.41 -0.6769 -1)
(-1.4 -0.676 -1)
(-1.39 -0.6751 -1)
(-1.38 -0.6742 -1)
(-1.37 -0.6733 -1)
(-1.36 -0.6724 -1)
(-1.35 -0.6715 -1)
(-1.34 -0.6706 -1)
(-1.33 -0.6697 -1)
(-1.32 -0.6688 -1)
(-1.31 -0.6679 -1)
(-1.3 -0.667 -1)
(-1.29 -0.6661 -1)
(-1.28 -0.6652 -1)
(-1.27 -0.6643 -1)
(-1.26 -0.6634 -1)
(-1.25 -0.6625 -1)
(-1.24 -0.6616 -1)
(-1.23 -0.6607 -1)
(-1.22 -0.6598 -1)
(-1.21 -0.6589 -1)
(-1.2 -0.658 -1)
(-1.19 -0.6571 -1)
(-1.18 -0.6562 -1)
(-1.17 -0.6553 -1)
(-1.16 -0.6544 -1)
(-1.15 -0.6535 -1)
(-1.14 -0.6526 -1)
(-1.13 -0.6517 -1)
(-1.12 -0.6508 -1)
(-1.11 -0.6499 -1)
(-1.1 -0.649 -1)
(-1.09 -0.6481 -1)
(-1.08 -0.6472 -1)
(-1.07 -0.6463 -1)
(-1.06 -0.6454 -1)
(-1.05 -0.6445 -1)
(-1.04 -0.6436 -1)
(-1.03 -0.6427 -1)
(-1.02 -0.6418 -1)
(-1.01 -0.6409 -1)
(-1 -0.64 -1)
(-0.99 -0.6391 -1)
(-0.98 -0.6382 -1)
(-0.97 -0.6373 -1)
(-0.96 -0.6364 -1)
(-0.95 -0.6355 -1)
(-0.94 -0.6346 -1)
(-0.93 -0.6337 -1)
(-0.92 -0.6328 -1)
(-0.91 -0.6319 -1)
(-0.9 -0.631 -1)
(-0.89 -0.6301 -1)
(-0.88 -0.6292 -1)
(-0.87 -0.6283 -1)
(-0.86 -0.6274 -1)
(-0.85 -0.6265 -1)
(-0.84 -0.6256 -1)
(-0.83 -0.6247 -1)
(-0.82 -0.6238 -1)
(-0.81 -0.6229 -1)
(-0.8 -0.622 -1)
(-0.79 -0.6211 -1)
(-0.78 -0.6202 -1)
(-0.77 -0.6193 -1)
(-0.76 -0.6184 -1)
(-0.75 -0.6175 -1)
(-0.74 -0.6166 -1)
(-0.73 -0.6157 -1)
(-0.72 -0.6148 -1)
(-0.71 -0.6139 -1)
(-0.7 -0.613 -1)
(-0.69 -0.6121 -1)
(-0.68 -0.6112 -1)
(-0.67 -0.6103 -1)
(-0.66 -0.6094 -1)
(-0.65 -0.6085 -1)
(-0.64 -0.6076 -1)
(-0.63 -0.6067 -1)
(-0.62 -0.6058 -1)
(-0.61 -0.6049 -1)
(-0.6 -0.604 -1)
(-0.59 -0.6031 -1)
(-0.58 -0.6022 -1)
(-0.57 -0.6013 -1)
(-0.56 -0.6004 -1)
(-0.55 -0.5995 -1)
(-0.54 -0.5986 -1)
(-0.53 -0.5977 -1)
(-0.52 -0.5968 -1)
(-0.51 -0.5959 -1)
(-0.5 -0.595 -1)
(-0.49 -0.5941 -1)
(-0.48 -0.5932 -1)
(-0.47 -0.5923 -1)
(-0.46 -0.5914 -1)
(-0.45 -0.5905 -1)
(-0.44 -0.5896 -1)
(-0.43 -0.5887 -1)
(-0.42 -0.5878 -1)
(-0.41 -0.5869 -1)
(-0.4 -0.586 -1)
(-0.39 -0.5851 -1)
(-0.38 -0.5842 -1)
(-0.37 -0.5833 -1)
(-0.36 -0.5824 -1)
(-0.35 -0.5815 -1)
(-0.34 -0.5806 -1)
(-0.33 -0.5797 -1)
(-0.32 -0.5788 -1)
(-0.31 -0.5779 -1)
(-0.3 -0.577 -1)
(-0.29 -0.5761 -1)
(-0.28 -0.5752 -1)
(-0.27 -0.5743 -1)
(-0.26 -0.5734 -1)
(-0.25 -0.5725 -1)
(-0.24 -0.5716 -1)
(-0.23 -0.5707 -1)
(-0.22 -0.5698 -1)
(-0.21 -0.5689 -1)
(-0.2 -0.568 -1)
(-0.19 -0.5671 -1)
(-0.18 -0.5662 -1)
(-0.17 -0.5653 -1)
(-0.16 -0.5644 -1)
(-0.15 -0.5635 -1)
(-0.14 -0.5626 -1)
(-0.13 -0.5617 -1)
(-0.12 -0.5608 -1)
(-0.11 -0.5599 -1)
(-0.1 -0.559 -1)
(-0.09 -0.5581 -1)
(-0.08 -0.5572 -1)
(-0.07 -0.5563 -1)
(-0.06 -0.5554 -1)
(-0.05 -0.5545 -1)
(-0.04 -0.5536 -1)
(-0.03 -0.5527 -1)
(-0.02 -0.5518 -1)
(-0.01 -0.5509 -1)
(0 -0.55 -1)
(0.01 -0.5491 -1)
(0.02 -0.5482 -1)
(0.03 -0.5473 -1)
(0.04 -0.5464 -1)
(0.05 -0.5455 -1)
(0.06 -0.5446 -1)
(0.07 -0.5437 -1)
(0.08 -0.5428 -1)
(0.09 -0.5419 -1)
(0.1 -0.541 -1)
(0.11 -0.5401 -1)
(0.12 -0.5392 -1)
(0.13 -0.5383 -1)
(0.14 -0.5374 -1)
(0.15 -0.5365 -1)
(0.16 -0.5356 -1)
(0.17 -0.5347 -1)
(0.18 -0.5338 -1)
(0.19 -0.5329 -1)
(0.2 -0.532 -1)
(0.21 -0.5311 -1)
(0.22 -0.5302 -1)
(0.23 -0.5293 -1)
(0.24 -0.5284 -1)
(0.25 -0.5275 -1)
(0.26 -0.5266 -1)
(0.27 -0.5257 -1)
(0.28 -0.5248 -1)
(0.29 -0.5239 -1)
(0.3 -0.523 -1)
(0.31 -0.5221 -1)
(0.32 -0.5212 -1)
(0.33 -0.5203 -1)
(0.34 -0.5194 -1)
(0.35 -0.5185 -1)
(0.36 -0.5176 -1)
(0.37 -0.5167 -1)
(0.38 -0.5158 -1)
(0.39 -0.5149 -1)
(0.4 -0.514 -1)
(0.41 -0.5131 -1)
(0.42 -0.5122 -1)
(0.43 -0.5113 -1)
(0.44 -0.5104 -1)
(0.45 -0.5095 -1)
(0.46 -0.5086 -1)
(0.47 -0.5077 -1)
(0.48 -0.5068 -1)
(0.49 -0.5059 -1)
(0.5 -0.505 -1)
(0.51 -0.5041 -1)
(0.52 -0.5032 -1)
(0.53 -0.5023 -1)
(0.54 -0.5014 -1)
(0.55 -0.5005 -1)
(0.56 -0.4996 -1)
(0.57 -0.4987 -1)
(0.58 -0.4978 -1)
(0.59 -0.4969 -1)
(0.6 -0.496 -1)
(0.61 -0.4951 -1)
(0.62 -0.4942 -1)
(0.63 -0.4933 -1)
(0.64 -0.4924 -1)
(0.65 -0.4915 -1)
(0.66 -0.4906 -1)
(0.67 -0.4897 -1)
(0.68 -0.4888 -1)
(0.69 -0.4879 -1)
(0.7 -0.487 -1)
(0.71 -0.4861 -1)
(0.72 -0.4852 -1)
(0.73 -0.4843 -1)
(0.74 -0.4834 -1)
(0.75 -0.4825 -1)
(0.76 -0.4816 -1)
(0.77 -0.4807 -1)
(0.78 -0.4798 -1)
(0.79 -0.4789 -1)
(0.8 -0.478 -1)
(0.81 -0.4771 -1)
(0.82 -0.4762 -1)
(0.83 -0.4753 -1)
(0.84 -0.4744 -1)
(0.85 -0.4735 -1)
(0.86 -0.4726 -1)
(0.87 -0.4717 -1)
(0.88 -0.4708 -1)
(0.89 -0.4699 -1)
(0.9 -0.469 -1)
(0.91 -0.4681 -1)
(0.92 -0.4672 -1)
(0.93 -0.4663 -1)
(0.94 -0.4654 -1)
(0.95 -0.4645 -1)
(0.96 -0.4636 -1)
(0.97 -0.4627 -1)
(0.98 -0.4618 -1)
(0.99 -0.4609 -1)
(1 -0.46 -1)
(1.01 -0.4591 -1)
(1.02 -0.4582 -1)
(1.03 -0.4573 -1)
(1.04 -0.4564 -1)
(1.05 -0.4555 -1)
(1.06 -0.4546 -1)
(1.07 -0.4537 -1)
(1.08 -0.4528 -1)
(1.09 -0.4519 -1)
(1.1 -0.451 -1)
(1.11 -0.4501 -1)
(1.12 -0.4492 -1)
(1.13 -0.4483 -1)
(1.14 -0.4474 -1)
(1.15 -0.4465 -1)
(1.16 -0.4456 -1)
(1.17 -0.4447 -1)
(1.18 -0.4438 -1)
(1.19 -0.4429 -1)
(1.2 -0.442 -1)
(1.21 -0.4411 -1)
(1.22 -0.4402 -1)
(1.23 -0.4393 -1)
(1.24 -0.4384 -1)
(1.25 -0.4375 -1)
(1.26 -0.4366 -1)
(1.27 -0.4357 -1)
(1.28 -0.4348 -1)
(1.29 -0.4339 -1)
(1.3 -0.433 -1)
(1.31 -0.4321 -1)
(1.32 -0.4312 -1)
(1.33 -0.4303 -1)
(1.34 -0.4294 -1)
(1.35 -0.4285 -1)
(1.36 -0.4276 -1)
(1.37 -0.4267 -1)
(1.38 -0.4258 -1)
(1.39 -0.4249 -1)
(1.4 -0.424 -1)
(1.41 -0.4231 -1)
(1.42 -0.4222 -1)
(1.43 -0.4213 -1)
(1.44 -0.4204 -1)
(1.45 -0.4195 -1)
(1.46 -0.4186 -1)
(1.47 -0.4177 -1)
(1.48 -0.4168 -1)
(1.49 -0.4159 -1)
(1.5 -0.415 -1)
(1.51 -0.4141 -1)
(1.52 -0.4132 -1)
(1.53 -0.4123 -1)
(1.54 -0.4114 -1)
(1.55 -0.4105 -1)
(1.56 -0.4096 -1)
(1.57 -0.4087 -1)
(1.58 -0.4078 -1)
(1.59 -0.4069 -1)
(1.6 -0.406 -1)
(1.61 -0.4051 -1)
(1.62 -0.4042 -1)
(1.63 -0.4033 -1)
(1.64 -0.4024 -1)
(1.65 -0.4015 -1)
(1.66 -0.4006 -1)
(1.67 -0.3997 -1)
(1.68 -0.3988 -1)
(1.69 -0.3979 -1)
(1.7 -0.397 -1)
(1.71 -0.3961 -1)
(1.72 -0.3952 -1)
(1.73 -0.3943 -1)
(1.74 -0.3934 -1)
(1.75 -0.3925 -1)
(1.76 -0.3916 -1)
(1.77 -0.3907 -1)
(1.78 -0.3898 -1)
(1.79 -0.3889 -1)
(1.8 -0.388 -1)
(1.81 -0.3871 -1)
(1.82 -0.3862 -1)
(1.83 -0.3853 -1)
(1.84 -0.3844 -1)
(1.85 -0.3835 -1)
(1.86 -0.3826 -1)
(1.87 -0.3817 -1)
(1.88 -0.3808 -1)
(1.89 -0.3799 -1)
(1.9 -0.379 -1)
(1.91 -0.3781 -1)
(1.92 -0.3772 -1)
(1.93 -0.3763 -1)
(1.94 -0.3754 -1)
(1.95 -0.3745 -1)
(1.96 -0.3736 -1)
(1.97 -0.3727 -1)
(1.98 -0.3718 -1)
(1.99 -0.3709 -1)
(2 -0.37 -1)
(2.01 -0.3691 -1)
(2.02 -0.3682 -1)
(2.03 -0.3673 -1)
(2.04 -0.3664 -1)
(2.05 -0.3655 -1)
(2.06 -0.3646 -1)
(2.07 -0.3637 -1)
(2.08 -0.3628 -1)
(2.09 -0.3619 -1)
(2.1 -0.361 -1)
(2.11 -0.3601 -1)
(2.12 -0.3592 -1)
(2.13 -0.3583 -1)
(2.14 -0.3574 -1)
(2.15 -0.3565 -1)
(2.16 -0.3556 -1)
(2.17 -0.3547 -1)
(2.18 -0.3538 -1)
(2.19 -0.3529 -1)
(2.2 -0.352 -1)
(2.21 -0.3511 -1)
(2.22 -0.3502 -1)
(2.23 -0.3493 -1)
(2.24 -0.3484 -1)
(2.25 -0.3475 -1)
(2.26 -0.3466 -1)
(2.27 -0.3457 -1)
(2.28 -0.3448 -1)
(2.29 -0.3439 -1)
(2.3 -0.343 -1)
(2.31 -0.3421 -1)
(2.32 -0.3412 -1)
(2.33 -0.3403 -1)
(2.34 -0.3394 -1)
(2.35 -0.3385 -1)
(2.36 -0.3376 -1)
(2.37 -0.3367 -1)
(2.38 -0.3358 -1)
(2.39 -0.3349 -1)
(2.4 -0.334 -1)
(2.41 -0.3331 -1)
(2.42 -0.3322 -1)
(2.43 -0.3313 -1)
(2.44 -0.3304 -1)
(2.45 -0.3295 -1)
(2.46 -0.3286 -1)
(2.47 -0.3277 -1)
(2.48 -0.3268 -1)
(2.49 -0.3259 -1)
(2.5 -0.325 -1)
(2.51 -0.3241 -1)
(2.52 -0.3232 -1)
(2.53 -0.3223 -1)
(2.54 -0.3214 -1)
(2.55 -0.3205 -1)
(2.56 -0.3196 -1)
(2.57 -0.3187 -1)
(2.58 -0.3178 -1)
(2.59 -0.3169 -1)
(2.6 -0.316 -1)
(2.61 -0.3151 -1)
(2.62 -0.3142 -1)
(2.63 -0.3133 -1)
(2.64 -0.3124 -1)
(2.65 -0.3115 -1)
(2.66 -0.3106 -1)
(2.67 -0.3097 -1)
(2.68 -0.3088 -1)
(2.69 -0.3079 -1)
(2.7 -0.307 -1)
(2.71 -0.3061 -1)
(2.72 -0.3052 -1)
(2.73 -0.3043 -1)
(2.74 -0.3034 -1)
(2.75 -0.3025 -1)
(2.76 -0.3016 -1)
(2.77 -0.3007 -1)
(2.78 -0.2998 -1)
(2.79 -0.2989 -1)
(2.8 -0.298 -1)
(2.81 -0.2971 -1)
(2.82 -0.2962 -1)
(2.83 -0.2953 -1)
(2.84 -0.2944 -1)
(2.85 -0.2935 -1)
(2.86 -0.2926 -1)
(2.87 -0.2917 -1)
(2.88 -0.2908 -1)
(2.89 -0.2899 -1)
(2.9 -0.289 -1)
(2.91 -0.2881 -1)
(2.92 -0.2872 -1)
(2.93 -0.2863 -1)
(2.94 -0.2854 -1)
(2.95 -0.2845 -1)
(2.96 -0.2836 -1)
(2.97 -0.2827 -1)
(2.98 -0.2818 -1)
(2.99 -0.2809 -1)
(3 -0.28 -1)
(3.01 -0.2791 -1)
(3.02 -0.2782 -1)
(3.03 -0.2773 -1)
(3.04 -0.2764 -1)
(3.05 -0.2755 -1)
(3.06 -0.2746 -1)
(3.07 -0.2737 -1)
(3.08 -0.2728 -1)
(3.09 -0.2719 -1)
(3.1 -0.271 -1)
(3.11 -0.2701 -1)
(3.12 -0.2692 -1)
(3.13 -0.2683 -1)
(3.14 -0.2674 -1)
(3.15 -0.2665 -1)
(3.16 -0.2656 -1)
(3.17 -0.2647 -1)
(3.18 -0.2638 -1)
(3.19 -0.2629 -1)
(3.2 -0.262 -1)
(3.21 -0.2611 -1)
(3.22 -0.2602 -1)
(3.23 -0.2593 -1)
(3.24 -0.2584 -1)
(3.25 -0.2575 -1)
(3.26 -0.2566 -1)
(3.27 -0.2557 -1)
(3.28 -0.2548 -1)
(3.29 -0.2539 -1)
(3.3 -0.253 -1)
(3.31 -0.2521 -1)
(3.32 -0.2512 -1)
(3.33 -0.2503 -1)
(3.34 -0.2494 -1)
(3.35 -0.2485 -1)
(3.36 -0.2476 -1)
(3.37 -0.2467 -1)
(3.38 -0.2458 -1)
(3.39 -0.2449 -1)
(3.4 -0.244 -1)
(3.41 -0.2431 -1)
(3.42 -0.2422 -1)
(3.43 -0.2413 -1)
(3.44 -0.2404 -1)
(3.45 -0.2395 -1)
(3.46 -0.2386 -1)
(3.47 -0.2377 -1)
(3.48 -0.2368 -1)
(3.49 -0.2359 -1)
(3.5 -0.235 -1)
(3.51 -0.2341 -1)
(3.52 -0.2332 -1)
(3.53 -0.2323 -1)
(3.54 -0.2314 -1)
(3.55 -0.2305 -1)
(3.56 -0.2296 -1)
(3.57 -0.2287 -1)
(3.58 -0.2278 -1)
(3.59 -0.2269 -1)
(3.6 -0.226 -1)
(3.61 -0.2251 -1)
(3.62 -0.2242 -1)
(3.63 -0.2233 -1)
(3.64 -0.2224 -1)
(3.65 -0.2215 -1)
(3.66 -0.2206 -1)
(3.67 -0.2197 -1)
(3.68 -0.2188 -1)
(3.69 -0.2179 -1)
(3.7 -0.217 -1)
(3.71 -0.2161 -1)
(3.72 -0.2152 -1)
(3.73 -0.2143 -1)
(3.74 -0.2134 -1)
(3.75 -0.2125 -1)
(3.76 -0.2116 -1)
(3.77 -0.2107 -1)
(3.78 -0.2098 -1)
(3.79 -0.2089 -1)
(3.8 -0.208 -1)
(3.81 -0.2071 -1)
(3.82 -0.2062 -1)
(3.83 -0.2053 -1)
(3.84 -0.2044 -1)
(3.85 -0.2035 -1)
(3.86 -0.2026 -1)
(3.87 -0.2017 -1)
(3.88 -0.2008 -1)
(3.89 -0.1999 -1)
(3.9 -0.199 -1)
(3.91 -0.1981 -1)
(3.92 -0.1972 -1)
(3.93 -0.1963 -1)
(3.94 -0.1954 -1)
(3.95 -0.1945 -1)
(3.96 -0.1936 -1)
(3.97 -0.1927 -1)
(3.98 -0.1918 -1)
(3.99 -0.1909 -1)
(4 -0.19 -1)
(4.01 -0.1891 -1)
(4.02 -0.1882 -1)
(4.03 -0.1873 -1)
(4.04 -0.1864 -1)
(4.05 -0.1855 -1)
(4.06 -0.1846 -1)
(4.07 -0.1837 -1)
(4.08 -0.1828 -1)
(4.09 -0.1819 -1)
(4.1 -0.181 -1)
(4.11 -0.1801 -1)
(4.12 -0.1792 -1)
(4.13 -0.1783 -1)
(4.14 -0.1774 -1)
(4.15 -0.1765 -1)
(4.16 -0.1756 -1)
(4.17 -0.1747 -1)
(4.18 -0.1738 -1)
(4.19 -0.1729 -1)
(4.2 -0.172 -1)
(4.21 -0.1711 -1)
(4.22 -0.1702 -1)
(4.23 -0.1693 -1)
(4.24 -0.1684 -1)
(4.25 -0.1675 -1)
(4.26 -0.1666 -1)
(4.27 -0.1657 -1)
(4.28 -0.1648 -1)
(4.29 -0.1639 -1)
(4.3 -0.163 -1)
(4.31 -0.1621 -1)
(4.32 -0.1612 -1)
(4.33 -0.1603 -1)
(4.34 -0.1594 -1)
(4.35 -0.1585 -1)
(4.36 -0.1576 -1)
(4.37 -0.1567 -1)
(4.38 -0.1558 -1)
(4.39 -0.1549 -1)
(4.4 -0.154 -1)
(4.41 -0.1531 -1)
(4.42 -0.1522 -1)
(4.43 -0.1513 -1)
(4.44 -0.1504 -1)
(4.45 -0.1495 -1)
(4.46 -0.1486 -1)
(4.47 -0.1477 -1)
(4.48 -0.1468 -1)
(4.49 -0.1459 -1)
(4.5 -0.145 -1)
(4.51 -0.1441 -1)
(4.52 -0.1432 -1)
(4.53 -0.1423 -1)
(4.54 -0.1414 -1)
(4.55 -0.1405 -1)
(4.56 -0.1396 -1)
(4.57 -0.1387 -1)
(4.58 -0.1378 -1)
(4.59 -0.1369 -1)
(4.6 -0.136 -1)
(4.61 -0.1351 -1)
(4.62 -0.1342 -1)
(4.63 -0.1333 -1)
(4.64 -0.1324 -1)
(4.65 -0.1315 -1)
(4.66 -0.1306 -1)
(4.67 -0.1297 -1)
(4.68 -0.1288 -1)
(4.69 -0.1279 -1)
(4.7 -0.127 -1)
(4.71 -0.1261 -1)
(4.72 -0.1252 -1)
(4.73 -0.1243 -1)
(4.74 -0.1234 -1)
(4.75 -0.1225 -1)
(4.76 -0.1216 -1)
(4.77 -0.1207 -1)
(4.78 -0.1198 -1)
(4.79 -0.1189 -1)
(4.8 -0.118 -1)
(4.81 -0.1171 -1)
(4.82 -0.1162 -1)
(4.83 -0.1153 -1)
(4.84 -0.1144 -1)
(4.85 -0.1135 -1)
(4.86 -0.1126 -1)
(4.87 -0.1117 -1)
(4.88 -0.1108 -1)
(4.89 -0.1099 -1)
(4.9 -0.109 -1)
(4.91 -0.1081 -1)
(4.92 -0.1072 -1)
(4.93 -0.1063 -1)
(4.94 -0.1054 -1)
(4.95 -0.1045 -1)
(4.96 -0.1036 -1)
(4.97 -0.1027 -1)
(4.98 -0.1018 -1)
(4.99 -0.1009 -1)
(5 -0.1 -1)
(-5 1 -1)
(-4.99 0.9991 -1)
(-4.98 0.9982 -1)
(-4.97 0.9973 -1)
(-4.96 0.9964 -1)
(-4.95 0.9955 -1)
(-4.94 0.9946 -1)
(-4.93 0.9937 -1)
(-4.92 0.9928 -1)
(-4.91 0.9919 -1)
(-4.9 0.991 -1)
(-4.89 0.9901 -1)
(-4.88 0.9892 -1)
(-4.87 0.9883 -1)
(-4.86 0.9874 -1)
(-4.85 0.9865 -1)
(-4.84 0.9856 -1)
(-4.83 0.9847 -1)
(-4.82 0.9838 -1)
(-4.81 0.9829 -1)
(-4.8 0.982 -1)
(-4.79 0.9811 -1)
(-4.78 0.9802 -1)
(-4.77 0.9793 -1)
(-4.76 0.9784 -1)
(-4.75 0.9775 -1)
(-4.74 0.9766 -1)
(-4.73 0.9757 -1)
(-4.72 0.9748 -1)
(-4.71 0.9739 -1)
(-4.7 0.973 -1)
(-4.69 0.9721 -1)
(-4.68 0.9712 -1)
(-4.67 0.9703 -1)
(-4.66 0.9694 -1)
(-4.65 0.9685 -1)
(-4.64 0.9676 -1)
(-4.63 0.9667 -1)
(-4.62 0.9658 -1)
(-4.61 0.9649 -1)
(-4.6 0.964 -1)
(-4.59 0.9631 -1)
(-4.58 0.9622 -1)
(-4.57 0.9613 -1)
(-4.56 0.9604 -1)
(-4.55 0.9595 -1)
(-4.54 0.9586 -1)
(-4.53 0.9577 -1)
(-4.52 0.9568 -1)
(-4.51 0.9559 -1)
(-4.5 0.955 -1)
(-4.49 0.9541 -1)
(-4.48 0.9532 -1)
(-4.47 0.9523 -1)
(-4.46 0.9514 -1)
(-4.45 0.9505 -1)
(-4.44 0.9496 -1)
(-4.43 0.9487 -1)
(-4.42 0.9478 -1)
(-4.41 0.9469 -1)
(-4.4 0.946 -1)
(-4.39 0.9451 -1)
(-4.38 0.9442 -1)
(-4.37 0.9433 -1)
(-4.36 0.9424 -1)
(-4.35 0.9415 -1)
(-4.34 0.9406 -1)
(-4.33 0.9397 -1)
(-4.32 0.9388 -1)
(-4.31 0.9379 -1)
(-4.3 0.937 -1)
(-4.29 0.9361 -1)
(-4.28 0.9352 -1)
(-4.27 0.9343 -1)
(-4.26 0.9334 -1)
(-4.25 0.9325 -1)
(-4.24 0.9316 -1)
(-4.23 0.9307 -1)
(-4.22 0.9298 -1)
(-4.21 0.9289 -1)
(-4.2 0.928 -1)
(-4.19 0.9271 -1)
(-4.18 0.9262 -1)
(-4.17 0.9253 -1)
(-4.16 0.9244 -1)
(-4.15 0.9235 -1)
(-4.14 0.9226 -1)
(-4.13 0.9217 -1)
(-4.12 0.9208 -1)
(-4.11 0.9199 -1)
(-4.1 0.919 -1)
(-4.09 0.9181 -1)
(-4.08 0.9172 -1)
(-4.07 0.9163 -1)
(-4.06 0.9154 -1)
(-4.05 0.9145 -1)
(-4.04 0.9136 -1)
(-4.03 0.9127 -1)
(-4.02 0.9118 -1)
(-4.01 0.9109 -1)
(-4 0.91 -1)
(-3.99 0.9091 -1)
(-3.98 0.9082 -1)
(-3.97 0.9073 -1)
(-3.96 0.9064 -1)
(-3.95 0.9055 -1)
(-3.94 0.9046 -1)
(-3.93 0.9037 -1)
(-3.92 0.9028 -1)
(-3.91 0.9019 -1)
(-3.9 0.901 -1)
(-3.89 0.9001 -1)
(-3.88 0.8992 -1)
(-3.87 0.8983 -1)
(-3.86 0.8974 -1)
(-3.85 0.8965 -1)
(-3.84 0.8956 -1)
(-3.83 0.8947 -1)
(-3.82 0.8938 -1)
(-3.81 0.8929 -1)
(-3.8 0.892 -1)
(-3.79 0.8911 -1)
(-3.78 0.8902 -1)
(-3.77 0.8893 -1)
(-3.76 0.8884 -1)
(-3.75 0.8875 -1)
(-3.74 0.8866 -1)
(-3.73 0.8857 -1)
(-3.72 0.8848 -1)
(-3.71 0.8839 -1)
(-3.7 0.883 -1)
(-3.69 0.8821 -1)
(-3.68 0.8812 -1)
(-3.67 0.8803 -1)
(-3.66 0.8794 -1)
(-3.65 0.8785 -1)
(-3.64 0.8776 -1)
(-3.63 0.8767 -1)
(-3.62 0.8758 -1)
(-3.61 0.8749 -1)
(-3.6 0.874 -1)
(-3.59 0.8731 -1)
(-3.58 0.8722 -1)
(-3.57 0.8713 -1)
(-3.56 0.8704 -1)
(-3.55 0.8695 -1)
(-3.54 0.8686 -1)
(-3.53 0.8677 -1)
(-3.52 0.8668 -1)
(-3.51 0.8659 -1)
(-3.5 0.865 -1)
(-3.49 0.8641 -1)
(-3.48 0.8632 -1)
(-3.47 0.8623 -1)
(-3.46 0.8614 -1)
(-3.45 0.8605 -1)
(-3.44 0.8596 -1)
(-3.43 0.8587 -1)
(-3.42 0.8578 -1)
(-3.41 0.8569 -1)
(-3.4 0.856 -1)
(-3.39 0.8551 -1)
(-3.38 0.8542 -1)
(-3.37 0.8533 -1)
(-3.36 0.8524 -1)
(-3.35 0.8515 -1)
(-3.34 0.8506 -1)
(-3.33 0.8497 -1)
(-3.32 0.8488 -1)
(-3.31 0.8479 -1)
(-3.3 0.847 -1)
(-3.29 0.8461 -1)
(-3.28 0.8452 -1)
(-3.27 0.8443 -1)
(-3.26 0.8434 -1)
(-3.25 0.8425 -1)
(-3.24 0.8416 -1)
(-3.23 0.8407 -1)
(-3.22 0.8398 -1)
(-3.21 0.8389 -1)
(-3.2 0.838 -1)
(-3.19 0.8371 -1)
(-3.18 0.8362 -1)
(-3.17 0.8353 -1)
(-3.16 0.8344 -1)
(-3.15 0.8335 -1)
(-3.14 0.8326 -1)
(-3.13 0.8317 -1)
(-3.12 0.8308 -1)
(-3.11 0.8299 -1)
(-3.1 0.829 -1)
(-3.09 0.8281 -1)
(-3.08 0.8272 -1)
(-3.07 0.8263 -1)
(-3.06 0.8254 -1)
(-3.05 0.8245 -1)
(-3.04 0.8236 -1)
(-3.03 0.8227 -1)
(-3.02 0.8218 -1)
(-3.01 0.8209 -1)
(-3 0.82 -1)
(-2.99 0.8191 -1)
(-2.98 0.8182 -1)
(-2.97 0.8173 -1)
(-2.96 0.8164 -1)
(-2.95 0.8155 -1)
(-2.94 0.8146 -1)
(-2.93 0.8137 -1)
(-2.92 0.8128 -1)
(-2.91 0.8119 -1)
(-2.9 0.811 -1)
(-2.89 0.8101 -1)
(-2.88 0.8092 -1)
(-2.87 0.8083 -1)
(-2.86 0.8074 -1)
(-2.85 0.8065 -1)
(-2.84 0.8056 -1)
(-2.83 0.8047 -1)
(-2.82 0.8038 -1)
(-2.81 0.8029 -1)
(-2.8 0.802 -1)
(-2.79 0.8011 -1)
(-2.78 0.8002 -1)
(-2.77 0.7993 -1)
(-2.76 0.7984 -1)
(-2.75 0.7975 -1)
(-2.74 0.7966 -1)
(-2.73 0.7957 -1)
(-2.72 0.7948 -1)
(-2.71 0.7939 -1)
(-2.7 0.793 -1)
(-2.69 0.7921 -1)
(-2.68 0.7912 -1)
(-2.67 0.7903 -1)
(-2.66 0.7894 -1)
(-2.65 0.7885 -1)
(-2.64 0.7876 -1)
(-2.63 0.7867 -1)
(-2.62 0.7858 -1)
(-2.61 0.7849 -1)
(-2.6 0.784 -1)
(-2.59 0.7831 -1)
(-2.58 0.7822 -1)
(-2.57 0.7813 -1)
(-2.56 0.7804 -1)
(-2.55 0.7795 -1)
(-2.54 0.7786 -1)
(-2.53 0.7777 -1)
(-2.52 0.7768 -1)
(-2.51 0.7759 -1)
(-2.5 0.775 -1)
(-2.49 0.7741 -1)
(-2.48 0.7732 -1)
(-2.47 0.7723 -1)
(-2.46 0.7714 -1)
(-2.45 0.7705 -1)
(-2.44 0.7696 -1)
(-2.43 0.7687 -1)
(-2.42 0.7678 -1)
(-2.41 0.7669 -1)
(-2.4 0.766 -1)
(-2.39 0.7651 -1)
(-2.38 0.7642 -1)
(-2.37 0.7633 -1)
(-2.36 0.7624 -1)
(-2.35 0.7615 -1)
(-2.34 0.7606 -1)
(-2.33 0.7597 -1)
(-2.32 0.7588 -1)
(-2.31 0.7579 -1)
(-2.3 0.757 -1)
(-2.29 0.7561 -1)
(-2.28 0.7552 -1)
(-2.27 0.7543 -1)
(-2.26 0.7534 -1)
(-2.25 0.7525 -1)
(-2.24 0.7516 -1)
(-2.23 0.7507 -1)
(-2.22 0.7498 -1)
(-2.21 0.7489 -1)
(-2.2 0.748 -1)
(-2.19 0.7471 -1)
(-2.18 0.7462 -1)
(-2.17 0.7453 -1)
(-2.16 0.7444 -1)
(-2.15 0.7435 -1)
(-2.14 0.7426 -1)
(-2.13 0.7417 -1)
(-2.12 0.7408 -1)
(-2.11 0.7399 -1)
(-2.1 0.739 -1)
(-2.09 0.7381 -1)
(-2.08 0.7372 -1)
(-2.07 0.7363 -1)
(-2.06 0.7354 -1)
(-2.05 0.7345 -1)
(-2.04 0.7336 -1)
(-2.03 0.7327 -1)
(-2.02 0.7318 -1)
(-2.01 0.7309 -1)
(-2 0.73 -1)
(-1.99 0.7291 -1)
(-1.98 0.7282 -1)
(-1.97 0.7273 -1)
(-1.96 0.7264 -1)
(-1.95 0.7255 -1)
(-1.94 0.7246 -1)
(-1.93 0.7237 -1)
(-1.92 0.7228 -1)
(-1.91 0.7219 -1)
(-1.9 0.721 -1)
(-1.89 0.7201 -1)
(-1.88 0.7192 -1)
(-1.87 0.7183 -1)
(-1.86 0.7174 -1)
(-1.85 0.7165 -1)
(-1.84 0.7156 -1)
(-1.83 0.7147 -1)
(-1.82 0.7138 -1)
(-1.81 0.7129 -1)
(-1.8 0.712 -1)
(-1.79 0.7111 -1)
(-1.78 0.7102 -1)
(-1.77 0.7093 -1)
(-1.76 0.7084 -1)
(-1.75 0.7075 -1)
(-1.74 0.7066 -1)
(-1.73 0.7057 -1)
(-1.72 0.7048 -1)
(-1.71 0.7039 -1)
(-1.7 0.703 -1)
(-1.69 0.7021 -1)
(-1.68 0.7012 -1)
(-1.67 0.7003 -1)
(-1.66 0.6994 -1)
(-1.65 0.6985 -1)
(-1.64 0.6976 -1)
(-1.63 0.6967 -1)
(-1.62 0.6958 -1)
(-1.61 0.6949 -1)
(-1.6 0.694 -1)
(-1.59 0.6931 -1)
(-1.58 0.6922 -1)
(-1.57 0.6913 -1)
(-1.56 0.6904 -1)
(-1.55 0.6895 -1)
(-1.54 0.6886 -1)
(-1.53 0.6877 -1)
(-1.52 0.6868 -1)
(-1.51 0.6859 -1)
(-1.5 0.685 -1)
(-1.49 0.6841 -1)
(-1.48 0.6832 -1)
(-1.47 0.6823 -1)
(-1.46 0.6814 -1)
(-1.45 0.6805 -1)
(-1.44 0.6796 -1)
(-1.43 0.6787 -1)
(-1.42 0.6778 -1)
(-1.41 0.6769 -1)
(-1.4 0.676 -1)
(-1.39 0.6751 -1)
(-1.38 0.6742 -1)
(-1.37 0.6733 -1)
(-1.36 0.6724 -1)
(-1.35 0.6715 -1)
(-1.34 0.6706 -1)
(-1.33 0.6697 -1)
(-1.32 0.6688 -1)
(-1.31 0.6679 -1)
(-1.3 0.667 -1)
(-1.29 0.6661 -1)
(-1.28 0.6652 -1)
(-1.27 0.6643 -1)
(-1.26 0.6634 -1)
(-1.25 0.6625 -1)
(-1.24 0.6616 -1)
(-1.23 0.6607 -1)
(-1.22 0.6598 -1)
(-1.21 0.6589 -1)
(-1.2 0.658 -1)
(-1.19 0.6571 -1)
(-1.18 0.6562 -1)
(-1.17 0.6553 -1)
(-1.16 0.6544 -1)
(-1.15 0.6535 -1)
(-1.14 0.6526 -1)
(-1.13 0.6517 -1)
(-1.12 0.6508 -1)
(-1.11 0.6499 -1)
(-1.1 0.649 -1)
(-1.09 0.6481 -1)
(-1.08 0.6472 -1)
(-1.07 0.6463 -1)
(-1.06 0.6454 -1)
(-1.05 0.6445 -1)
(-1.04 0.6436 -1)
(-1.03 0.6427 -1)
(-1.02 0.6418 -1)
(-1.01 0.6409 -1)
(-1 0.64 -1)
(-0.99 0.6391 -1)
(-0.98 0.6382 -1)
(-0.97 0.6373 -1)
(-0.96 0.6364 -1)
(-0.95 0.6355 -1)
(-0.94 0.6346 -1)
(-0.93 0.6337 -1)
(-0.92 0.6328 -1)
(-0.91 0.6319 -1)
(-0.9 0.631 -1)
(-0.89 0.6301 -1)
(-0.88 0.6292 -1)
(-0.87 0.6283 -1)
(-0.86 0.6274 -1)
(-0.85 0.6265 -1)
(-0.84 0.6256 -1)
(-0.83 0.6247 -1)
(-0.82 0.6238 -1)
(-0.81 0.6229 -1)
(-0.8 0.622 -1)
(-0.79 0.6211 -1)
(-0.78 0.6202 -1)
(-0.77 0.6193 -1)
(-0.76 0.6184 -1)
(-0.75 0.6175 -1)
(-0.74 0.6166 -1)
(-0.73 0.6157 -1)
(-0.72 0.6148 -1)
(-0.71 0.6139 -1)
(-0.7 0.613 -1)
(-0.69 0.6121 -1)
(-0.68 0.6112 -1)
(-0.67 0.6103 -1)
(-0.66 0.6094 -1)
(-0.65 0.6085 -1)
(-0.64 0.6076 -1)
(-0.63 0.6067 -1)
(-0.62 0.6058 -1)
(-0.61 0.6049 -1)
(-0.6 0.604 -1)
(-0.59 0.6031 -1)
(-0.58 0.6022 -1)
(-0.57 0.6013 -1)
(-0.56 0.6004 -1)
(-0.55 0.5995 -1)
(-0.54 0.5986 -1)
(-0.53 0.5977 -1)
(-0.52 0.5968 -1)
(-0.51 0.5959 -1)
(-0.5 0.595 -1)
(-0.49 0.5941 -1)
(-0.48 0.5932 -1)
(-0.47 0.5923 -1)
(-0.46 0.5914 -1)
(-0.45 0.5905 -1)
(-0.44 0.5896 -1)
(-0.43 0.5887 -1)
(-0.42 0.5878 -1)
(-0.41 0.5869 -1)
(-0.4 0.586 -1)
(-0.39 0.5851 -1)
(-0.38 0.5842 -1)
(-0.37 0.5833 -1)
(-0.36 0.5824 -1)
(-0.35 0.5815 -1)
(-0.34 0.5806 -1)
(-0.33 0.5797 -1)
(-0.32 0.5788 -1)
(-0.31 0.5779 -1)
(-0.3 0.577 -1)
(-0.29 0.5761 -1)
(-0.28 0.5752 -1)
(-0.27 0.5743 -1)
(-0.26 0.5734 -1)
(-0.25 0.5725 -1)
(-0.24 0.5716 -1)
(-0.23 0.5707 -1)
(-0.22 0.5698 -1)
(-0.21 0.5689 -1)
(-0.2 0.568 -1)
(-0.19 0.5671 -1)
(-0.18 0.5662 -1)
(-0.17 0.5653 -1)
(-0.16 0.5644 -1)
(-0.15 0.5635 -1)
(-0.14 0.5626 -1)
(-0.13 0.5617 -1)
(-0.12 0.5608 -1)
(-0.11 0.5599 -1)
(-0.1 0.559 -1)
(-0.09 0.5581 -1)
(-0.08 0.5572 -1)
(-0.07 0.5563 -1)
(-0.06 0.5554 -1)
(-0.05 0.5545 -1)
(-0.04 0.5536 -1)
(-0.03 0.5527 -1)
(-0.02 0.5518 -1)
(-0.01 0.5509 -1)
(0 0.55 -1)
(0.01 0.5491 -1)
(0.02 0.5482 -1)
(0.03 0.5473 -1)
(0.04 0.5464 -1)
(0.05 0.5455 -1)
(0.06 0.5446 -1)
(0.07 0.5437 -1)
(0.08 0.5428 -1)
(0.09 0.5419 -1)
(0.1 0.541 -1)
(0.11 0.5401 -1)
(0.12 0.5392 -1)
(0.13 0.5383 -1)
(0.14 0.5374 -1)
(0.15 0.5365 -1)
(0.16 0.5356 -1)
(0.17 0.5347 -1)
(0.18 0.5338 -1)
(0.19 0.5329 -1)
(0.2 0.532 -1)
(0.21 0.5311 -1)
(0.22 0.5302 -1)
(0.23 0.5293 -1)
(0.24 0.5284 -1)
(0.25 0.5275 -1)
(0.26 0.5266 -1)
(0.27 0.5257 -1)
(0.28 0.5248 -1)
(0.29 0.5239 -1)
(0.3 0.523 -1)
(0.31 0.5221 -1)
(0.32 0.5212 -1)
(0.33 0.5203 -1)
(0.34 0.5194 -1)
(0.35 0.5185 -1)
(0.36 0.5176 -1)
(0.37 0.5167 -1)
(0.38 0.5158 -1)
(0.39 0.5149 -1)
(0.4 0.514 -1)
(0.41 0.5131 -1)
(0.42 0.5122 -1)
(0.43 0.5113 -1)
(0.44 0.5104 -1)
(0.45 0.5095 -1)
(0.46 0.5086 -1)
(0.47 0.5077 -1)
(0.48 0.5068 -1)
(0.49 0.5059 -1)
(0.5 0.505 -1)
(0.51 0.5041 -1)
(0.52 0.5032 -1)
(0.53 0.5023 -1)
(0.54 0.5014 -1)
(0.55 0.5005 -1)
(0.56 0.4996 -1)
(0.57 0.4987 -1)
(0.58 0.4978 -1)
(0.59 0.4969 -1)
(0.6 0.496 -1)
(0.61 0.4951 -1)
(0.62 0.4942 -1)
(0.63 0.4933 -1)
(0.64 0.4924 -1)
(0.65 0.4915 -1)
(0.66 0.4906 -1)
(0.67 0.4897 -1)
(0.68 0.4888 -1)
(0.69 0.4879 -1)
(0.7 0.487 -1)
(0.71 0.4861 -1)
(0.72 0.4852 -1)
(0.73 0.4843 -1)
(0.74 0.4834 -1)
(0.75 0.4825 -1)
(0.76 0.4816 -1)
(0.77 0.4807 -1)
(0.78 0.4798 -1)
(0.79 0.4789 -1)
(0.8 0.478 -1)
(0.81 0.4771 -1)
(0.82 0.4762 -1)
(0.83 0.4753 -1)
(0.84 0.4744 -1)
(0.85 0.4735 -1)
(0.86 0.4726 -1)
(0.87 0.4717 -1)
(0.88 0.4708 -1)
(0.89 0.4699 -1)
(0.9 0.469 -1)
(0.91 0.4681 -1)
(0.92 0.4672 -1)
(0.93 0.4663 -1)
(0.94 0.4654 -1)
(0.95 0.4645 -1)
(0.96 0.4636 -1)
(0.97 0.4627 -1)
(0.98 0.4618 -1)
(0.99 0.4609 -1)
(1 0.46 -1)
(1.01 0.4591 -1)
(1.02 0.4582 -1)
(1.03 0.4573 -1)
(1.04 0.4564 -1)
(1.05 0.4555 -1)
(1.06 0.4546 -1)
(1.07 0.4537 -1)
(1.08 0.4528 -1)
(1.09 0.4519 -1)
(1.1 0.451 -1)
(1.11 0.4501 -1)
(1.12 0.4492 -1)
(1.13 0.4483 -1)
(1.14 0.4474 -1)
(1.15 0.4465 -1)
(1.16 0.4456 -1)
(1.17 0.4447 -1)
(1.18 0.4438 -1)
(1.19 0.4429 -1)
(1.2 0.442 -1)
(1.21 0.4411 -1)
(1.22 0.4402 -1)
(1.23 0.4393 -1)
(1.24 0.4384 -1)
(1.25 0.4375 -1)
(1.26 0.4366 -1)
(1.27 0.4357 -1)
(1.28 0.4348 -1)
(1.29 0.4339 -1)
(1.3 0.433 -1)
(1.31 0.4321 -1)
(1.32 0.4312 -1)
(1.33 0.4303 -1)
(1.34 0.4294 -1)
(1.35 0.4285 -1)
(1.36 0.4276 -1)
(1.37 0.4267 -1)
(1.38 0.4258 -1)
(1.39 0.4249 -1)
(1.4 0.424 -1)
(1.41 0.4231 -1)
(1.42 0.4222 -1)
(1.43 0.4213 -1)
(1.44 0.4204 -1)
(1.45 0.4195 -1)
(1.46 0.4186 -1)
(1.47 0.4177 -1)
(1.48 0.4168 -1)
(1.49 0.4159 -1)
(1.5 0.415 -1)
(1.51 0.4141 -1)
(1.52 0.4132 -1)
(1.53 0.4123 -1)
(1.54 0.4114 -1)
(1.55 0.4105 -1)
(1.56 0.4096 -1)
(1.57 0.4087 -1)
(1.58 0.4078 -1)
(1.59 0.4069 -1)
(1.6 0.406 -1)
(1.61 0.4051 -1)
(1.62 0.4042 -1)
(1.63 0.4033 -1)
(1.64 0.4024 -1)
(1.65 0.4015 -1)
(1.66 0.4006 -1)
(1.67 0.3997 -1)
(1.68 0.3988 -1)
(1.69 0.3979 -1)
(1.7 0.397 -1)
(1.71 0.3961 -1)
(1.72 0.3952 -1)
(1.73 0.3943 -1)
(1.74 0.3934 -1)
(1.75 0.3925 -1)
(1.76 0.3916 -1)
(1.77 0.3907 -1)
(1.78 0.3898 -1)
(1.79 0.3889 -1)
(1.8 0.388 -1)
(1.81 0.3871 -1)
(1.82 0.3862 -1)
(1.83 0.3853 -1)
(1.84 0.3844 -1)
(1.85 0.3835 -1)
(1.86 0.3826 -1)
(1.87 0.3817 -1)
(1.88 0.3808 -1)
(1.89 0.3799 -1)
(1.9 0.379 -1)
(1.91 0.3781 -1)
(1.92 0.3772 -1)
(1.93 0.3763 -1)
(1.94 0.3754 -1)
(1.95 0.3745 -1)
(1.96 0.3736 -1)
(1.97 0.3727 -1)
(1.98 0.3718 -1)
(1.99 0.3709 -1)
(2 0.37 -1)
(2.01 0.3691 -1)
(2.02 0.3682 -1)
(2.03 0.3673 -1)
(2.04 0.3664 -1)
(2.05 0.3655 -1)
(2.06 0.3646 -1)
(2.07 0.3637 -1)
(2.08 0.3628 -1)
(2.09 0.3619 -1)
(2.1 0.361 -1)
(2.11 0.3601 -1)
(2.12 0.3592 -1)
(2.13 0.3583 -1)
(2.14 0.3574 -1)
(2.15 0.3565 -1)
(2.16 0.3556 -1)
(2.17 0.3547 -1)
(2.18 0.3538 -1)
(2.19 0.3529 -1)
(2.2 0.352 -1)
(2.21 0.3511 -1)
(2.22 0.3502 -1)
(2.23 0.3493 -1)
(2.24 0.3484 -1)
(2.25 0.3475 -1)
(2.26 0.3466 -1)
(2.27 0.3457 -1)
(2.28 0.3448 -1)
(2.29 0.3439 -1)
(2.3 0.343 -1)
(2.31 0.3421 -1)
(2.32 0.3412 -1)
(2.33 0.3403 -1)
(2.34 0.3394 -1)
(2.35 0.3385 -1)
(2.36 0.3376 -1)
(2.37 0.3367 -1)
(2.38 0.3358 -1)
(2.39 0.3349 -1)
(2.4 0.334 -1)
(2.41 0.3331 -1)
(2.42 0.3322 -1)
(2.43 0.3313 -1)
(2.44 0.3304 -1)
(2.45 0.3295 -1)
(2.46 0.3286 -1)
(2.47 0.3277 -1)
(2.48 0.3268 -1)
(2.49 0.3259 -1)
(2.5 0.325 -1)
(2.51 0.3241 -1)
(2.52 0.3232 -1)
(2.53 0.3223 -1)
(2.54 0.3214 -1)
(2.55 0.3205 -1)
(2.56 0.3196 -1)
(2.57 0.3187 -1)
(2.58 0.3178 -1)
(2.59 0.3169 -1)
(2.6 0.316 -1)
(2.61 0.3151 -1)
(2.62 0.3142 -1)
(2.63 0.3133 -1)
(2.64 0.3124 -1)
(2.65 0.3115 -1)
(2.66 0.3106 -1)
(2.67 0.3097 -1)
(2.68 0.3088 -1)
(2.69 0.3079 -1)
(2.7 0.307 -1)
(2.71 0.3061 -1)
(2.72 0.3052 -1)
(2.73 0.3043 -1)
(2.74 0.3034 -1)
(2.75 0.3025 -1)
(2.76 0.3016 -1)
(2.77 0.3007 -1)
(2.78 0.2998 -1)
(2.79 0.2989 -1)
(2.8 0.298 -1)
(2.81 0.2971 -1)
(2.82 0.2962 -1)
(2.83 0.2953 -1)
(2.84 0.2944 -1)
(2.85 0.2935 -1)
(2.86 0.2926 -1)
(2.87 0.2917 -1)
(2.88 0.2908 -1)
(2.89 0.2899 -1)
(2.9 0.289 -1)
(2.91 0.2881 -1)
(2.92 0.2872 -1)
(2.93 0.2863 -1)
(2.94 0.2854 -1)
(2.95 0.2845 -1)
(2.96 0.2836 -1)
(2.97 0.2827 -1)
(2.98 0.2818 -1)
(2.99 0.2809 -1)
(3 0.28 -1)
(3.01 0.2791 -1)
(3.02 0.2782 -1)
(3.03 0.2773 -1)
(3.04 0.2764 -1)
(3.05 0.2755 -1)
(3.06 0.2746 -1)
(3.07 0.2737 -1)
(3.08 0.2728 -1)
(3.09 0.2719 -1)
(3.1 0.271 -1)
(3.11 0.2701 -1)
(3.12 0.2692 -1)
(3.13 0.2683 -1)
(3.14 0.2674 -1)
(3.15 0.2665 -1)
(3.16 0.2656 -1)
(3.17 0.2647 -1)
(3.18 0.2638 -1)
(3.19 0.2629 -1)
(3.2 0.262 -1)
(3.21 0.2611 -1)
(3.22 0.2602 -1)
(3.23 0.2593 -1)
(3.24 0.2584 -1)
(3.25 0.2575 -1)
(3.26 0.2566 -1)
(3.27 0.2557 -1)
(3.28 0.2548 -1)
(3.29 0.2539 -1)
(3.3 0.253 -1)
(3.31 0.2521 -1)
(3.32 0.2512 -1)
(3.33 0.2503 -1)
(3.34 0.2494 -1)
(3.35 0.2485 -1)
(3.36 0.2476 -1)
(3.37 0.2467 -1)
(3.38 0.2458 -1)
(3.39 0.2449 -1)
(3.4 0.244 -1)
(3.41 0.2431 -1)
(3.42 0.2422 -1)
(3.43 0.2413 -1)
(3.44 0.2404 -1)
(3.45 0.2395 -1)
(3.46 0.2386 -1)
(3.47 0.2377 -1)
(3.48 0.2368 -1)
(3.49 0.2359 -1)
(3.5 0.235 -1)
(3.51 0.2341 -1)
(3.52 0.2332 -1)
(3.53 0.2323 -1)
(3.54 0.2314 -1)
(3.55 0.2305 -1)
(3.56 0.2296 -1)
(3.57 0.2287 -1)
(3.58 0.2278 -1)
(3.59 0.2269 -1)
(3.6 0.226 -1)
(3.61 0.2251 -1)
(3.62 0.2242 -1)
(3.63 0.2233 -1)
(3.64 0.2224 -1)
(3.65 0.2215 -1)
(3.66 0.2206 -1)
(3.67 0.2197 -1)
(3.68 0.2188 -1)
(3.69 0.2179 -1)
(3.7 0.217 -1)
(3.71 0.2161 -1)
(3.72 0.2152 -1)
(3.73 0.2143 -1)
(3.74 0.2134 -1)
(3.75 0.2125 -1)
(3.76 0.2116 -1)
(3.77 0.2107 -1)
(3.78 0.2098 -1)
(3.79 0.2089 -1)
(3.8 0.208 -1)
(3.81 0.2071 -1)
(3.82 0.2062 -1)
(3.83 0.2053 -1)
(3.84 0.2044 -1)
(3.85 0.2035 -1)
(3.86 0.2026 -1)
(3.87 0.2017 -1)
(3.88 0.2008 -1)
(3.89 0.1999 -1)
(3.9 0.199 -1)
(3.91 0.1981 -1)
(3.92 0.1972 -1)
(3.93 0.1963 -1)
(3.94 0.1954 -1)
(3.95 0.1945 -1)
(3.96 0.1936 -1)
(3.97 0.1927 -1)
(3.98 0.1918 -1)
(3.99 0.1909 -1)
(4 0.19 -1)
(4.01 0.1891 -1)
(4.02 0.1882 -1)
(4.03 0.1873 -1)
(4.04 0.1864 -1)
(4.05 0.1855 -1)
(4.06 0.1846 -1)
(4.07 0.1837 -1)
(4.08 0.1828 -1)
(4.09 0.1819 -1)
(4.1 0.181 -1)
(4.11 0.1801 -1)
(4.12 0.1792 -1)
(4.13 0.1783 -1)
(4.14 0.1774 -1)
(4.15 0.1765 -1)
(4.16 0.1756 -1)
(4.17 0.1747 -1)
(4.18 0.1738 -1)
(4.19 0.1729 -1)
(4.2 0.172 -1)
(4.21 0.1711 -1)
(4.22 0.1702 -1)
(4.23 0.1693 -1)
(4.24 0.1684 -1)
(4.25 0.1675 -1)
(4.26 0.1666 -1)
(4.27 0.1657 -1)
(4.28 0.1648 -1)
(4.29 0.1639 -1)
(4.3 0.163 -1)
(4.31 0.1621 -1)
(4.32 0.1612 -1)
(4.33 0.1603 -1)
(4.34 0.1594 -1)
(4.35 0.1585 -1)
(4.36 0.1576 -1)
(4.37 0.1567 -1)
(4.38 0.1558 -1)
(4.39 0.1549 -1)
(4.4 0.154 -1)
(4.41 0.1531 -1)
(4.42 0.1522 -1)
(4.43 0.1513 -1)
(4.44 0.1504 -1)
(4.45 0.1495 -1)
(4.46 0.1486 -1)
(4.47 0.1477 -1)
(4.48 0.1468 -1)
(4.49 0.1459 -1)
(4.5 0.145 -1)
(4.51 0.1441 -1)
(4.52 0.1432 -1)
(4.53 0.1423 -1)
(4.54 0.1414 -1)
(4.55 0.1405 -1)
(4.56 0.1396 -1)
(4.57 0.1387 -1)
(4.58 0.1378 -1)
(4.59 0.1369 -1)
(4.6 0.136 -1)
(4.61 0.1351 -1)
(4.62 0.1342 -1)
(4.63 0.1333 -1)
(4.64 0.1324 -1)
(4.65 0.1315 -1)
(4.66 0.1306 -1)
(4.67 0.1297 -1)
(4.68 0.1288 -1)
(4.69 0.1279 -1)
(4.7 0.127 -1)
(4.71 0.1261 -1)
(4.72 0.1252 -1)
(4.73 0.1243 -1)
(4.74 0.1234 -1)
(4.75 0.1225 -1)
(4.76 0.1216 -1)
(4.77 0.1207 -1)
(4.78 0.1198 -1)
(4.79 0.1189 -1)
(4.8 0.118 -1)
(4.81 0.1171 -1)
(4.82 0.1162 -1)
(4.83 0.1153 -1)
(4.84 0.1144 -1)
(4.85 0.1135 -1)
(4.86 0.1126 -1)
(4.87 0.1117 -1)
(4.88 0.1108 -1)
(4.89 0.1099 -1)
(4.9 0.109 -1)
(4.91 0.1081 -1)
(4.92 0.1072 -1)
(4.93 0.1063 -1)
(4.94 0.1054 -1)
(4.95 0.1045 -1)
(4.96 0.1036 -1)
(4.97 0.1027 -1)
(4.98 0.1018 -1)
(4.99 0.1009 -1)
(5 0.1 -1)
(-5 -1 1)
(-4.99 -0.9991 1)
(-4.98 -0.9982 1)
(-4.97 -0.9973 1)
(-4.96 -0.9964 1)
(-4.95 -0.9955 1)
(-4.94 -0.9946 1)
(-4.93 -0.9937 1)
(-4.92 -0.9928 1)
(-4.91 -0.9919 1)
(-4.9 -0.991 1)
(-4.89 -0.9901 1)
(-4.88 -0.9892 1)
(-4.87 -0.9883 1)
(-4.86 -0.9874 1)
(-4.85 -0.9865 1)
(-4.84 -0.9856 1)
(-4.83 -0.9847 1)
(-4.82 -0.9838 1)
(-4.81 -0.9829 1)
(-4.8 -0.982 1)
(-4.79 -0.9811 1)
(-4.78 -0.9802 1)
(-4.77 -0.9793 1)
(-4.76 -0.9784 1)
(-4.75 -0.9775 1)
(-4.74 -0.9766 1)
(-4.73 -0.9757 1)
(-4.72 -0.9748 1)
(-4.71 -0.9739 1)
(-4.7 -0.973 1)
(-4.69 -0.9721 1)
(-4.68 -0.9712 1)
(-4.67 -0.9703 1)
(-4.66 -0.9694 1)
(-4.65 -0.9685 1)
(-4.64 -0.9676 1)
(-4.63 -0.9667 1)
(-4.62 -0.9658 1)
(-4.61 -0.9649 1)
(-4.6 -0.964 1)
(-4.59 -0.9631 1)
(-4.58 -0.9622 1)
(-4.57 -0.9613 1)
(-4.56 -0.9604 1)
(-4.55 -0.9595 1)
(-4.54 -0.9586 1)
(-4.53 -0.9577 1)
(-4.52 -0.9568 1)
(-4.51 -0.9559 1)
(-4.5 -0.955 1)
(-4.49 -0.9541 1)
(-4.48 -0.9532 1)
(-4.47 -0.9523 1)
(-4.46 -0.9514 1)
(-4.45 -0.9505 1)
(-4.44 -0.9496 1)
(-4.43 -0.9487 1)
(-4.42 -0.9478 1)
(-4.41 -0.9469 1)
(-4.4 -0.946 1)
(-4.39 -0.9451 1)
(-4.38 -0.9442 1)
(-4.37 -0.9433 1)
(-4.36 -0.9424 1)
(-4.35 -0.9415 1)
(-4.34 -0.9406 1)
(-4.33 -0.9397 1)
(-4.32 -0.9388 1)
(-4.31 -0.9379 1)
(-4.3 -0.937 1)
(-4.29 -0.9361 1)
(-4.28 -0.9352 1)
(-4.27 -0.9343 1)
(-4.26 -0.9334 1)
(-4.25 -0.9325 1)
(-4.24 -0.9316 1)
(-4.23 -0.9307 1)
(-4.22 -0.9298 1)
(-4.21 -0.9289 1)
(-4.2 -0.928 1)
(-4.19 -0.9271 1)
(-4.18 -0.9262 1)
(-4.17 -0.9253 1)
(-4.16 -0.9244 1)
(-4.15 -0.9235 1)
(-4.14 -0.9226 1)
(-4.13 -0.9217 1)
(-4.12 -0.9208 1)
(-4.11 -0.9199 1)
(-4.1 -0.919 1)
(-4.09 -0.9181 1)
(-4.08 -0.9172 1)
(-4.07 -0.9163 1)
(-4.06 -0.9154 1)
(-4.05 -0.9145 1)
(-4.04 -0.9136 1)
(-4.03 -0.9127 1)
(-4.02 -0.9118 1)
(-4.01 -0.9109 1)
(-4 -0.91 1)
(-3.99 -0.9091 1)
(-3.98 -0.9082 1)
(-3.97 -0.9073 1)
(-3.96 -0.9064 1)
(-3.95 -0.9055 1)
(-3.94 -0.9046 1)
(-3.93 -0.9037 1)
(-3.92 -0.9028 1)
(-3.91 -0.9019 1)
(-3.9 -0.901 1)
(-3.89 -0.9001 1)
(-3.88 -0.8992 1)
(-3.87 -0.8983 1)
(-3.86 -0.8974 1)
(-3.85 -0.8965 1)
(-3.84 -0.8956 1)
(-3.83 -0.8947 1)
(-3.82 -0.8938 1)
(-3.81 -0.8929 1)
(-3.8 -0.892 1)
(-3.79 -0.8911 1)
(-3.78 -0.8902 1)
(-3.77 -0.8893 1)
(-3.76 -0.8884 1)
(-3.75 -0.8875 1)
(-3.74 -0.8866 1)
(-3.73 -0.8857 1)
(-3.72 -0.8848 1)
(-3.71 -0.8839 1)
(-3.7 -0.883 1)
(-3.69 -0.8821 1)
(-3.68 -0.8812 1)
(-3.67 -0.8803 1)
(-3.66 -0.8794 1)
(-3.65 -0.8785 1)
(-3.64 -0.8776 1)
(-3.63 -0.8767 1)
(-3.62 -0.8758 1)
(-3.61 -0.8749 1)
(-3.6 -0.874 1)
(-3.59 -0.8731 1)
(-3.58 -0.8722 1)
(-3.57 -0.8713 1)
(-3.56 -0.8704 1)
(-3.55 -0.8695 1)
(-3.54 -0.8686 1)
(-3.53 -0.8677 1)
(-3.52 -0.8668 1)
(-3.51 -0.8659 1)
(-3.5 -0.865 1)
(-3.49 -0.8641 1)
(-3.48 -0.8632 1)
(-3.47 -0.8623 1)
(-3.46 -0.8614 1)
(-3.45 -0.8605 1)
(-3.44 -0.8596 1)
(-3.43 -0.8587 1)
(-3.42 -0.8578 1)
(-3.41 -0.8569 1)
(-3.4 -0.856 1)
(-3.39 -0.8551 1)
(-3.38 -0.8542 1)
(-3.37 -0.8533 1)
(-3.36 -0.8524 1)
(-3.35 -0.8515 1)
(-3.34 -0.8506 1)
(-3.33 -0.8497 1)
(-3.32 -0.8488 1)
(-3.31 -0.8479 1)
(-3.3 -0.847 1)
(-3.29 -0.8461 1)
(-3.28 -0.8452 1)
(-3.27 -0.8443 1)
(-3.26 -0.8434 1)
(-3.25 -0.8425 1)
(-3.24 -0.8416 1)
(-3.23 -0.8407 1)
(-3.22 -0.8398 1)
(-3.21 -0.8389 1)
(-3.2 -0.838 1)
(-3.19 -0.8371 1)
(-3.18 -0.8362 1)
(-3.17 -0.8353 1)
(-3.16 -0.8344 1)
(-3.15 -0.8335 1)
(-3.14 -0.8326 1)
(-3.13 -0.8317 1)
(-3.12 -0.8308 1)
(-3.11 -0.8299 1)
(-3.1 -0.829 1)
(-3.09 -0.8281 1)
(-3.08 -0.8272 1)
(-3.07 -0.8263 1)
(-3.06 -0.8254 1)
(-3.05 -0.8245 1)
(-3.04 -0.8236 1)
(-3.03 -0.8227 1)
(-3.02 -0.8218 1)
(-3.01 -0.8209 1)
(-3 -0.82 1)
(-2.99 -0.8191 1)
(-2.98 -0.8182 1)
(-2.97 -0.8173 1)
(-2.96 -0.8164 1)
(-2.95 -0.8155 1)
(-2.94 -0.8146 1)
(-2.93 -0.8137 1)
(-2.92 -0.8128 1)
(-2.91 -0.8119 1)
(-2.9 -0.811 1)
(-2.89 -0.8101 1)
(-2.88 -0.8092 1)
(-2.87 -0.8083 1)
(-2.86 -0.8074 1)
(-2.85 -0.8065 1)
(-2.84 -0.8056 1)
(-2.83 -0.8047 1)
(-2.82 -0.8038 1)
(-2.81 -0.8029 1)
(-2.8 -0.802 1)
(-2.79 -0.8011 1)
(-2.78 -0.8002 1)
(-2.77 -0.7993 1)
(-2.76 -0.7984 1)
(-2.75 -0.7975 1)
(-2.74 -0.7966 1)
(-2.73 -0.7957 1)
(-2.72 -0.7948 1)
(-2.71 -0.7939 1)
(-2.7 -0.793 1)
(-2.69 -0.7921 1)
(-2.68 -0.7912 1)
(-2.67 -0.7903 1)
(-2.66 -0.7894 1)
(-2.65 -0.7885 1)
(-2.64 -0.7876 1)
(-2.63 -0.7867 1)
(-2.62 -0.7858 1)
(-2.61 -0.7849 1)
(-2.6 -0.784 1)
(-2.59 -0.7831 1)
(-2.58 -0.7822 1)
(-2.57 -0.7813 1)
(-2.56 -0.7804 1)
(-2.55 -0.7795 1)
(-2.54 -0.7786 1)
(-2.53 -0.7777 1)
(-2.52 -0.7768 1)
(-2.51 -0.7759 1)
(-2.5 -0.775 1)
(-2.49 -0.7741 1)
(-2.48 -0.7732 1)
(-2.47 -0.7723 1)
(-2.46 -0.7714 1)
(-2.45 -0.7705 1)
(-2.44 -0.7696 1)
(-2.43 -0.7687 1)
(-2.42 -0.7678 1)
(-2.41 -0.7669 1)
(-2.4 -0.766 1)
(-2.39 -0.7651 1)
(-2.38 -0.7642 1)
(-2.37 -0.7633 1)
(-2.36 -0.7624 1)
(-2.35 -0.7615 1)
(-2.34 -0.7606 1)
(-2.33 -0.7597 1)
(-2.32 -0.7588 1)
(-2.31 -0.7579 1)
(-2.3 -0.757 1)
(-2.29 -0.7561 1)
(-2.28 -0.7552 1)
(-2.27 -0.7543 1)
(-2.26 -0.7534 1)
(-2.25 -0.7525 1)
(-2.24 -0.7516 1)
(-2.23 -0.7507 1)
(-2.22 -0.7498 1)
(-2.21 -0.7489 1)
(-2.2 -0.748 1)
(-2.19 -0.7471 1)
(-2.18 -0.7462 1)
(-2.17 -0.7453 1)
(-2.16 -0.7444 1)
(-2.15 -0.7435 1)
(-2.14 -0.7426 1)
(-2.13 -0.7417 1)
(-2.12 -0.7408 1)
(-2.11 -0.7399 1)
(-2.1 -0.739 1)
(-2.09 -0.7381 1)
(-2.08 -0.7372 1)
(-2.07 -0.7363 1)
(-2.06 -0.7354 1)
(-2.05 -0.7345 1)
(-2.04 -0.7336 1)
(-2.03 -0.7327 1)
(-2.02 -0.7318 1)
(-2.01 -0.7309 1)
(-2 -0.73 1)
(-1.99 -0.7291 1)
(-1.98 -0.7282 1)
(-1.97 -0.7273 1)
(-1.96 -0.7264 1)
(-1.95 -0.7255 1)
(-1.94 -0.7246 1)
(-1.93 -0.7237 1)
(-1.92 -0.7228 1)
(-1.91 -0.7219 1)
(-1.9 -0.721 1)
(-1.89 -0.7201 1)
(-1.88 -0.7192 1)
(-1.87 -0.7183 1)
(-1.86 -0.7174 1)
(-1.85 -0.7165 1)
(-1.84 -0.7156 1)
(-1.83 -0.7147 1)
(-1.82 -0.7138 1)
(-1.81 -0.7129 1)
(-1.8 -0.712 1)
(-1.79 -0.7111 1)
(-1.78 -0.7102 1)
(-1.77 -0.7093 1)
(-1.76 -0.7084 1)
(-1.75 -0.7075 1)
(-1.74 -0.7066 1)
(-1.73 -0.7057 1)
(-1.72 -0.7048 1)
(-1.71 -0.7039 1)
(-1.7 -0.703 1)
(-1.69 -0.7021 1)
(-1.68 -0.7012 1)
(-1.67 -0.7003 1)
(-1.66 -0.6994 1)
(-1.65 -0.6985 1)
(-1.64 -0.6976 1)
(-1.63 -0.6967 1)
(-1.62 -0.6958 1)
(-1.61 -0.6949 1)
(-1.6 -0.694 1)
(-1.59 -0.6931 1)
(-1.58 -0.6922 1)
(-1.57 -0.6913 1)
(-1.56 -0.6904 1)
(-1.55 -0.6895 1)
(-1.54 -0.6886 1)
(-1.53 -0.6877 1)
(-1.52 -0.6868 1)
(-1.51 -0.6859 1)
(-1.5 -0.685 1)
(-1.49 -0.6841 1)
(-1.48 -0.6832 1)
(-1.47 -0.6823 1)
(-1.46 -0.6814 1)
(-1.45 -0.6805 1)
(-1.44 -0.6796 1)
(-1.43 -0.6787 1)
(-1.42 -0.6778 1)
(-1.41 -0.6769 1)
(-1.4 -0.676 1)
(-1.39 -0.6751 1)
(-1.38 -0.6742 1)
(-1.37 -0.6733 1)
(-1.36 -0.6724 1)
(-1.35 -0.6715 1)
(-1.34 -0.6706 1)
(-1.33 -0.6697 1)
(-1.32 -0.6688 1)
(-1.31 -0.6679 1)
(-1.3 -0.667 1)
(-1.29 -0.6661 1)
(-1.28 -0.6652 1)
(-1.27 -0.6643 1)
(-1.26 -0.6634 1)
(-1.25 -0.6625 1)
(-1.24 -0.6616 1)
(-1.23 -0.6607 1)
(-1.22 -0.6598 1)
(-1.21 -0.6589 1)
(-1.2 -0.658 1)
(-1.19 -0.6571 1)
(-1.18 -0.6562 1)
(-1.17 -0.6553 1)
(-1.16 -0.6544 1)
(-1.15 -0.6535 1)
(-1.14 -0.6526 1)
(-1.13 -0.6517 1)
(-1.12 -0.6508 1)
(-1.11 -0.6499 1)
(-1.1 -0.649 1)
(-1.09 -0.6481 1)
(-1.08 -0.6472 1)
(-1.07 -0.6463 1)
(-1.06 -0.6454 1)
(-1.05 -0.6445 1)
(-1.04 -0.6436 1)
(-1.03 -0.6427 1)
(-1.02 -0.6418 1)
(-1.01 -0.6409 1)
(-1 -0.64 1)
(-0.99 -0.6391 1)
(-0.98 -0.6382 1)
(-0.97 -0.6373 1)
(-0.96 -0.6364 1)
(-0.95 -0.6355 1)
(-0.94 -0.6346 1)
(-0.93 -0.6337 1)
(-0.92 -0.6328 1)
(-0.91 -0.6319 1)
(-0.9 -0.631 1)
(-0.89 -0.6301 1)
(-0.88 -0.6292 1)
(-0.87 -0.6283 1)
(-0.86 -0.6274 1)
(-0.85 -0.6265 1)
(-0.84 -0.6256 1)
(-0.83 -0.6247 1)
(-0.82 -0.6238 1)
(-0.81 -0.6229 1)
(-0.8 -0.622 1)
(-0.79 -0.6211 1)
(-0.78 -0.6202 1)
(-0.77 -0.6193 1)
(-0.76 -0.6184 1)
(-0.75 -0.6175 1)
(-0.74 -0.6166 1)
(-0.73 -0.6157 1)
(-0.72 -0.6148 1)
(-0.71 -0.6139 1)
(-0.7 -0.613 1)
(-0.69 -0.6121 1)
(-0.68 -0.6112 1)
(-0.67 -0.6103 1)
(-0.66 -0.6094 1)
(-0.65 -0.6085 1)
(-0.64 -0.6076 1)
(-0.63 -0.6067 1)
(-0.62 -0.6058 1)
(-0.61 -0.6049 1)
(-0.6 -0.604 1)
(-0.59 -0.6031 1)
(-0.58 -0.6022 1)
(-0.57 -0.6013 1)
(-0.56 -0.6004 1)
(-0.55 -0.5995 1)
(-0.54 -0.5986 1)
(-0.53 -0.5977 1)
(-0.52 -0.5968 1)
(-0.51 -0.5959 1)
(-0.5 -0.595 1)
(-0.49 -0.5941 1)
(-0.48 -0.5932 1)
(-0.47 -0.5923 1)
(-0.46 -0.5914 1)
(-0.45 -0.5905 1)
(-0.44 -0.5896 1)
(-0.43 -0.5887 1)
(-0.42 -0.5878 1)
(-0.41 -0.5869 1)
(-0.4 -0.586 1)
(-0.39 -0.5851 1)
(-0.38 -0.5842 1)
(-0.37 -0.5833 1)
(-0.36 -0.5824 1)
(-0.35 -0.5815 1)
(-0.34 -0.5806 1)
(-0.33 -0.5797 1)
(-0.32 -0.5788 1)
(-0.31 -0.5779 1)
(-0.3 -0.577 1)
(-0.29 -0.5761 1)
(-0.28 -0.5752 1)
(-0.27 -0.5743 1)
(-0.26 -0.5734 1)
(-0.25 -0.5725 1)
(-0.24 -0.5716 1)
(-0.23 -0.5707 1)
(-0.22 -0.5698 1)
(-0.21 -0.5689 1)
(-0.2 -0.568 1)
(-0.19 -0.5671 1)
(-0.18 -0.5662 1)
(-0.17 -0.5653 1)
(-0.16 -0.5644 1)
(-0.15 -0.5635 1)
(-0.14 -0.5626 1)
(-0.13 -0.5617 1)
(-0.12 -0.5608 1)
(-0.11 -0.5599 1)
(-0.1 -0.559 1)
(-0.09 -0.5581 1)
(-0.08 -0.5572 1)
(-0.07 -0.5563 1)
(-0.06 -0.5554 1)
(-0.05 -0.5545 1)
(-0.04 -0.5536 1)
(-0.03 -0.5527 1)
(-0.02 -0.5518 1)
(-0.01 -0.5509 1)
(0 -0.55 1)
(0.01 -0.5491 1)
(0.02 -0.5482 1)
(0.03 -0.5473 1)
(0.04 -0.5464 1)
(0.05 -0.5455 1)
(0.06 -0.5446 1)
(0.07 -0.5437 1)
(0.08 -0.5428 1)
(0.09 -0.5419 1)
(0.1 -0.541 1)
(0.11 -0.5401 1)
(0.12 -0.5392 1)
(0.13 -0.5383 1)
(0.14 -0.5374 1)
(0.15 -0.5365 1)
(0.16 -0.5356 1)
(0.17 -0.5347 1)
(0.18 -0.5338 1)
(0.19 -0.5329 1)
(0.2 -0.532 1)
(0.21 -0.5311 1)
(0.22 -0.5302 1)
(0.23 -0.5293 1)
(0.24 -0.5284 1)
(0.25 -0.5275 1)
(0.26 -0.5266 1)
(0.27 -0.5257 1)
(0.28 -0.5248 1)
(0.29 -0.5239 1)
(0.3 -0.523 1)
(0.31 -0.5221 1)
(0.32 -0.5212 1)
(0.33 -0.5203 1)
(0.34 -0.5194 1)
(0.35 -0.5185 1)
(0.36 -0.5176 1)
(0.37 -0.5167 1)
(0.38 -0.5158 1)
(0.39 -0.5149 1)
(0.4 -0.514 1)
(0.41 -0.5131 1)
(0.42 -0.5122 1)
(0.43 -0.5113 1)
(0.44 -0.5104 1)
(0.45 -0.5095 1)
(0.46 -0.5086 1)
(0.47 -0.5077 1)
(0.48 -0.5068 1)
(0.49 -0.5059 1)
(0.5 -0.505 1)
(0.51 -0.5041 1)
(0.52 -0.5032 1)
(0.53 -0.5023 1)
(0.54 -0.5014 1)
(0.55 -0.5005 1)
(0.56 -0.4996 1)
(0.57 -0.4987 1)
(0.58 -0.4978 1)
(0.59 -0.4969 1)
(0.6 -0.496 1)
(0.61 -0.4951 1)
(0.62 -0.4942 1)
(0.63 -0.4933 1)
(0.64 -0.4924 1)
(0.65 -0.4915 1)
(0.66 -0.4906 1)
(0.67 -0.4897 1)
(0.68 -0.4888 1)
(0.69 -0.4879 1)
(0.7 -0.487 1)
(0.71 -0.4861 1)
(0.72 -0.4852 1)
(0.73 -0.4843 1)
(0.74 -0.4834 1)
(0.75 -0.4825 1)
(0.76 -0.4816 1)
(0.77 -0.4807 1)
(0.78 -0.4798 1)
(0.79 -0.4789 1)
(0.8 -0.478 1)
(0.81 -0.4771 1)
(0.82 -0.4762 1)
(0.83 -0.4753 1)
(0.84 -0.4744 1)
(0.85 -0.4735 1)
(0.86 -0.4726 1)
(0.87 -0.4717 1)
(0.88 -0.4708 1)
(0.89 -0.4699 1)
(0.9 -0.469 1)
(0.91 -0.4681 1)
(0.92 -0.4672 1)
(0.93 -0.4663 1)
(0.94 -0.4654 1)
(0.95 -0.4645 1)
(0.96 -0.4636 1)
(0.97 -0.4627 1)
(0.98 -0.4618 1)
(0.99 -0.4609 1)
(1 -0.46 1)
(1.01 -0.4591 1)
(1.02 -0.4582 1)
(1.03 -0.4573 1)
(1.04 -0.4564 1)
(1.05 -0.4555 1)
(1.06 -0.4546 1)
(1.07 -0.4537 1)
(1.08 -0.4528 1)
(1.09 -0.4519 1)
(1.1 -0.451 1)
(1.11 -0.4501 1)
(1.12 -0.4492 1)
(1.13 -0.4483 1)
(1.14 -0.4474 1)
(1.15 -0.4465 1)
(1.16 -0.4456 1)
(1.17 -0.4447 1)
(1.18 -0.4438 1)
(1.19 -0.4429 1)
(1.2 -0.442 1)
(1.21 -0.4411 1)
(1.22 -0.4402 1)
(1.23 -0.4393 1)
(1.24 -0.4384 1)
(1.25 -0.4375 1)
(1.26 -0.4366 1)
(1.27 -0.4357 1)
(1.28 -0.4348 1)
(1.29 -0.4339 1)
(1.3 -0.433 1)
(1.31 -0.4321 1)
(1.32 -0.4312 1)
(1.33 -0.4303 1)
(1.34 -0.4294 1)
(1.35 -0.4285 1)
(1.36 -0.4276 1)
(1.37 -0.4267 1)
(1.38 -0.4258 1)
(1.39 -0.4249 1)
(1.4 -0.424 1)
(1.41 -0.4231 1)
(1.42 -0.4222 1)
(1.43 -0.4213 1)
(1.44 -0.4204 1)
(1.45 -0.4195 1)
(1.46 -0.4186 1)
(1.47 -0.4177 1)
(1.48 -0.4168 1)
(1.49 -0.4159 1)
(1.5 -0.415 1)
(1.51 -0.4141 1)
(1.52 -0.4132 1)
(1.53 -0.4123 1)
(1.54 -0.4114 1)
(1.55 -0.4105 1)
(1.56 -0.4096 1)
(1.57 -0.4087 1)
(1.58 -0.4078 1)
(1.59 -0.4069 1)
(1.6 -0.406 1)
(1.61 -0.4051 1)
(1.62 -0.4042 1)
(1.63 -0.4033 1)
(1.64 -0.4024 1)
(1.65 -0.4015 1)
(1.66 -0.4006 1)
(1.67 -0.3997 1)
(1.68 -0.3988 1)
(1.69 -0.3979 1)
(1.7 -0.397 1)
(1.71 -0.3961 1)
(1.72 -0.3952 1)
(1.73 -0.3943 1)
(1.74 -0.3934 1)
(1.75 -0.3925 1)
(1.76 -0.3916 1)
(1.77 -0.3907 1)
(1.78 -0.3898 1)
(1.79 -0.3889 1)
(1.8 -0.388 1)
(1.81 -0.3871 1)
(1.82 -0.3862 1)
(1.83 -0.3853 1)
(1.84 -0.3844 1)
(1.85 -0.3835 1)
(1.86 -0.3826 1)
(1.87 -0.3817 1)
(1.88 -0.3808 1)
(1.89 -0.3799 1)
(1.9 -0.379 1)
(1.91 -0.3781 1)
(1.92 -0.3772 1)
(1.93 -0.3763 1)
(1.94 -0.3754 1)
(1.95 -0.3745 1)
(1.96 -0.3736 1)
(1.97 -0.3727 1)
(1.98 -0.3718 1)
(1.99 -0.3709 1)
(2 -0.37 1)
(2.01 -0.3691 1)
(2.02 -0.3682 1)
(2.03 -0.3673 1)
(2.04 -0.3664 1)
(2.05 -0.3655 1)
(2.06 -0.3646 1)
(2.07 -0.3637 1)
(2.08 -0.3628 1)
(2.09 -0.3619 1)
(2.1 -0.361 1)
(2.11 -0.3601 1)
(2.12 -0.3592 1)
(2.13 -0.3583 1)
(2.14 -0.3574 1)
(2.15 -0.3565 1)
(2.16 -0.3556 1)
(2.17 -0.3547 1)
(2.18 -0.3538 1)
(2.19 -0.3529 1)
(2.2 -0.352 1)
(2.21 -0.3511 1)
(2.22 -0.3502 1)
(2.23 -0.3493 1)
(2.24 -0.3484 1)
(2.25 -0.3475 1)
(2.26 -0.3466 1)
(2.27 -0.3457 1)
(2.28 -0.3448 1)
(2.29 -0.3439 1)
(2.3 -0.343 1)
(2.31 -0.3421 1)
(2.32 -0.3412 1)
(2.33 -0.3403 1)
(2.34 -0.3394 1)
(2.35 -0.3385 1)
(2.36 -0.3376 1)
(2.37 -0.3367 1)
(2.38 -0.3358 1)
(2.39 -0.3349 1)
(2.4 -0.334 1)
(2.41 -0.3331 1)
(2.42 -0.3322 1)
(2.43 -0.3313 1)
(2.44 -0.3304 1)
(2.45 -0.3295 1)
(2.46 -0.3286 1)
(2.47 -0.3277 1)
(2.48 -0.3268 1)
(2.49 -0.3259 1)
(2.5 -0.325 1)
(2.51 -0.3241 1)
(2.52 -0.3232 1)
(2.53 -0.3223 1)
(2.54 -0.3214 1)
(2.55 -0.3205 1)
(2.56 -0.3196 1)
(2.57 -0.3187 1)
(2.58 -0.3178 1)
(2.59 -0.3169 1)
(2.6 -0.316 1)
(2.61 -0.3151 1)
(2.62 -0.3142 1)
(2.63 -0.3133 1)
(2.64 -0.3124 1)
(2.65 -0.3115 1)
(2.66 -0.3106 1)
(2.67 -0.3097 1)
(2.68 -0.3088 1)
(2.69 -0.3079 1)
(2.7 -0.307 1)
(2.71 -0.3061 1)
(2.72 -0.3052 1)
(2.73 -0.3043 1)
(2.74 -0.3034 1)
(2.75 -0.3025 1)
(2.76 -0.3016 1)
(2.77 -0.3007 1)
(2.78 -0.2998 1)
(2.79 -0.2989 1)
(2.8 -0.298 1)
(2.81 -0.2971 1)
(2.82 -0.2962 1)
(2.83 -0.2953 1)
(2.84 -0.2944 1)
(2.85 -0.2935 1)
(2.86 -0.2926 1)
(2.87 -0.2917 1)
(2.88 -0.2908 1)
(2.89 -0.2899 1)
(2.9 -0.289 1)
(2.91 -0.2881 1)
(2.92 -0.2872 1)
(2.93 -0.2863 1)
(2.94 -0.2854 1)
(2.95 -0.2845 1)
(2.96 -0.2836 1)
(2.97 -0.2827 1)
(2.98 -0.2818 1)
(2.99 -0.2809 1)
(3 -0.28 1)
(3.01 -0.2791 1)
(3.02 -0.2782 1)
(3.03 -0.2773 1)
(3.04 -0.2764 1)
(3.05 -0.2755 1)
(3.06 -0.2746 1)
(3.07 -0.2737 1)
(3.08 -0.2728 1)
(3.09 -0.2719 1)
(3.1 -0.271 1)
(3.11 -0.2701 1)
(3.12 -0.2692 1)
(3.13 -0.2683 1)
(3.14 -0.2674 1)
(3.15 -0.2665 1)
(3.16 -0.2656 1)
(3.17 -0.2647 1)
(3.18 -0.2638 1)
(3.19 -0.2629 1)
(3.2 -0.262 1)
(3.21 -0.2611 1)
(3.22 -0.2602 1)
(3.23 -0.2593 1)
(3.24 -0.2584 1)
(3.25 -0.2575 1)
(3.26 -0.2566 1)
(3.27 -0.2557 1)
(3.28 -0.2548 1)
(3.29 -0.2539 1)
(3.3 -0.253 1)
(3.31 -0.2521 1)
(3.32 -0.2512 1)
(3.33 -0.2503 1)
(3.34 -0.2494 1)
(3.35 -0.2485 1)
(3.36 -0.2476 1)
(3.37 -0.2467 1)
(3.38 -0.2458 1)
(3.39 -0.2449 1)
(3.4 -0.244 1)
(3.41 -0.2431 1)
(3.42 -0.2422 1)
(3.43 -0.2413 1)
(3.44 -0.2404 1)
(3.45 -0.2395 1)
(3.46 -0.2386 1)
(3.47 -0.2377 1)
(3.48 -0.2368 1)
(3.49 -0.2359 1)
(3.5 -0.235 1)
(3.51 -0.2341 1)
(3.52 -0.2332 1)
(3.53 -0.2323 1)
(3.54 -0.2314 1)
(3.55 -0.2305 1)
(3.56 -0.2296 1)
(3.57 -0.2287 1)
(3.58 -0.2278 1)
(3.59 -0.2269 1)
(3.6 -0.226 1)
(3.61 -0.2251 1)
(3.62 -0.2242 1)
(3.63 -0.2233 1)
(3.64 -0.2224 1)
(3.65 -0.2215 1)
(3.66 -0.2206 1)
(3.67 -0.2197 1)
(3.68 -0.2188 1)
(3.69 -0.2179 1)
(3.7 -0.217 1)
(3.71 -0.2161 1)
(3.72 -0.2152 1)
(3.73 -0.2143 1)
(3.74 -0.2134 1)
(3.75 -0.2125 1)
(3.76 -0.2116 1)
(3.77 -0.2107 1)
(3.78 -0.2098 1)
(3.79 -0.2089 1)
(3.8 -0.208 1)
(3.81 -0.2071 1)
(3.82 -0.2062 1)
(3.83 -0.2053 1)
(3.84 -0.2044 1)
(3.85 -0.2035 1)
(3.86 -0.2026 1)
(3.87 -0.2017 1)
(3.88 -0.2008 1)
(3.89 -0.1999 1)
(3.9 -0.199 1)
(3.91 -0.1981 1)
(3.92 -0.1972 1)
(3.93 -0.1963 1)
(3.94 -0.1954 1)
(3.95 -0.1945 1)
(3.96 -0.1936 1)
(3.97 -0.1927 1)
(3.98 -0.1918 1)
(3.99 -0.1909 1)
(4 -0.19 1)
(4.01 -0.1891 1)
(4.02 -0.1882 1)
(4.03 -0.1873 1)
(4.04 -0.1864 1)
(4.05 -0.1855 1)
(4.06 -0.1846 1)
(4.07 -0.1837 1)
(4.08 -0.1828 1)
(4.09 -0.1819 1)
(4.1 -0.181 1)
(4.11 -0.1801 1)
(4.12 -0.1792 1)
(4.13 -0.1783 1)
(4.14 -0.1774 1)
(4.15 -0.1765 1)
(4.16 -0.1756 1)
(4.17 -0.1747 1)
(4.18 -0.1738 1)
(4.19 -0.1729 1)
(4.2 -0.172 1)
(4.21 -0.1711 1)
(4.22 -0.1702 1)
(4.23 -0.1693 1)
(4.24 -0.1684 1)
(4.25 -0.1675 1)
(4.26 -0.1666 1)
(4.27 -0.1657 1)
(4.28 -0.1648 1)
(4.29 -0.1639 1)
(4.3 -0.163 1)
(4.31 -0.1621 1)
(4.32 -0.1612 1)
(4.33 -0.1603 1)
(4.34 -0.1594 1)
(4.35 -0.1585 1)
(4.36 -0.1576 1)
(4.37 -0.1567 1)
(4.38 -0.1558 1)
(4.39 -0.1549 1)
(4.4 -0.154 1)
(4.41 -0.1531 1)
(4.42 -0.1522 1)
(4.43 -0.1513 1)
(4.44 -0.1504 1)
(4.45 -0.1495 1)
(4.46 -0.1486 1)
(4.47 -0.1477 1)
(4.48 -0.1468 1)
(4.49 -0.1459 1)
(4.5 -0.145 1)
(4.51 -0.1441 1)
(4.52 -0.1432 1)
(4.53 -0.1423 1)
(4.54 -0.1414 1)
(4.55 -0.1405 1)
(4.56 -0.1396 1)
(4.57 -0.1387 1)
(4.58 -0.1378 1)
(4.59 -0.1369 1)
(4.6 -0.136 1)
(4.61 -0.1351 1)
(4.62 -0.1342 1)
(4.63 -0.1333 1)
(4.64 -0.1324 1)
(4.65 -0.1315 1)
(4.66 -0.1306 1)
(4.67 -0.1297 1)
(4.68 -0.1288 1)
(4.69 -0.1279 1)
(4.7 -0.127 1)
(4.71 -0.1261 1)
(4.72 -0.1252 1)
(4.73 -0.1243 1)
(4.74 -0.1234 1)
(4.75 -0.1225 1)
(4.76 -0.1216 1)
(4.77 -0.1207 1)
(4.78 -0.1198 1)
(4.79 -0.1189 1)
(4.8 -0.118 1)
(4.81 -0.1171 1)
(4.82 -0.1162 1)
(4.83 -0.1153 1)
(4.84 -0.1144 1)
(4.85 -0.1135 1)
(4.86 -0.1126 1)
(4.87 -0.1117 1)
(4.88 -0.1108 1)
(4.89 -0.1099 1)
(4.9 -0.109 1)
(4.91 -0.1081 1)
(4.92 -0.1072 1)
(4.93 -0.1063 1)
(4.94 -0.1054 1)
(4.95 -0.1045 1)
(4.96 -0.1036 1)
(4.97 -0.1027 1)
(4.98 -0.1018 1)
(4.99 -0.1009 1)
(5 -0.1 1)
(-5 1 1)
(-4.99 0.9991 1)
(-4.98 0.9982 1)
(-4.97 0.9973 1)
(-4.96 0.9964 1)
(-4.95 0.9955 1)
(-4.94 0.9946 1)
(-4.93 0.9937 1)
(-4.92 0.9928 1)
(-4.91 0.9919 1)
(-4.9 0.991 1)
(-4.89 0.9901 1)
(-4.88 0.9892 1)
(-4.87 0.9883 1)
(-4.86 0.9874 1)
(-4.85 0.9865 1)
(-4.84 0.9856 1)
(-4.83 0.9847 1)
(-4.82 0.9838 1)
(-4.81 0.9829 1)
(-4.8 0.982 1)
(-4.79 0.9811 1)
(-4.78 0.9802 1)
(-4.77 0.9793 1)
(-4.76 0.9784 1)
(-4.75 0.9775 1)
(-4.74 0.9766 1)
(-4.73 0.9757 1)
(-4.72 0.9748 1)
(-4.71 0.9739 1)
(-4.7 0.973 1)
(-4.69 0.9721 1)
(-4.68 0.9712 1)
(-4.67 0.9703 1)
(-4.66 0.9694 1)
(-4.65 0.9685 1)
(-4.64 0.9676 1)
(-4.63 0.9667 1)
(-4.62 0.9658 1)
(-4.61 0.9649 1)
(-4.6 0.964 1)
(-4.59 0.9631 1)
(-4.58 0.9622 1)
(-4.57 0.9613 1)
(-4.56 0.9604 1)
(-4.55 0.9595 1)
(-4.54 0.9586 1)
(-4.53 0.9577 1)
(-4.52 0.9568 1)
(-4.51 0.9559 1)
(-4.5 0.955 1)
(-4.49 0.9541 1)
(-4.48 0.9532 1)
(-4.47 0.9523 1)
(-4.46 0.9514 1)
(-4.45 0.9505 1)
(-4.44 0.9496 1)
(-4.43 0.9487 1)
(-4.42 0.9478 1)
(-4.41 0.9469 1)
(-4.4 0.946 1)
(-4.39 0.9451 1)
(-4.38 0.9442 1)
(-4.37 0.9433 1)
(-4.36 0.9424 1)
(-4.35 0.9415 1)
(-4.34 0.9406 1)
(-4.33 0.9397 1)
(-4.32 0.9388 1)
(-4.31 0.9379 1)
(-4.3 0.937 1)
(-4.29 0.9361 1)
(-4.28 0.9352 1)
(-4.27 0.9343 1)
(-4.26 0.9334 1)
(-4.25 0.9325 1)
(-4.24 0.9316 1)
(-4.23 0.9307 1)
(-4.22 0.9298 1)
(-4.21 0.9289 1)
(-4.2 0.928 1)
(-4.19 0.9271 1)
(-4.18 0.9262 1)
(-4.17 0.9253 1)
(-4.16 0.9244 1)
(-4.15 0.9235 1)
(-4.14 0.9226 1)
(-4.13 0.9217 1)
(-4.12 0.9208 1)
(-4.11 0.9199 1)
(-4.1 0.919 1)
(-4.09 0.9181 1)
(-4.08 0.9172 1)
(-4.07 0.9163 1)
(-4.06 0.9154 1)
(-4.05 0.9145 1)
(-4.04 0.9136 1)
(-4.03 0.9127 1)
(-4.02 0.9118 1)
(-4.01 0.9109 1)
(-4 0.91 1)
(-3.99 0.9091 1)
(-3.98 0.9082 1)
(-3.97 0.9073 1)
(-3.96 0.9064 1)
(-3.95 0.9055 1)
(-3.94 0.9046 1)
(-3.93 0.9037 1)
(-3.92 0.9028 1)
(-3.91 0.9019 1)
(-3.9 0.901 1)
(-3.89 0.9001 1)
(-3.88 0.8992 1)
(-3.87 0.8983 1)
(-3.86 0.8974 1)
(-3.85 0.8965 1)
(-3.84 0.8956 1)
(-3.83 0.8947 1)
(-3.82 0.8938 1)
(-3.81 0.8929 1)
(-3.8 0.892 1)
(-3.79 0.8911 1)
(-3.78 0.8902 1)
(-3.77 0.8893 1)
(-3.76 0.8884 1)
(-3.75 0.8875 1)
(-3.74 0.8866 1)
(-3.73 0.8857 1)
(-3.72 0.8848 1)
(-3.71 0.8839 1)
(-3.7 0.883 1)
(-3.69 0.8821 1)
(-3.68 0.8812 1)
(-3.67 0.8803 1)
(-3.66 0.8794 1)
(-3.65 0.8785 1)
(-3.64 0.8776 1)
(-3.63 0.8767 1)
(-3.62 0.8758 1)
(-3.61 0.8749 1)
(-3.6 0.874 1)
(-3.59 0.8731 1)
(-3.58 0.8722 1)
(-3.57 0.8713 1)
(-3.56 0.8704 1)
(-3.55 0.8695 1)
(-3.54 0.8686 1)
(-3.53 0.8677 1)
(-3.52 0.8668 1)
(-3.51 0.8659 1)
(-3.5 0.865 1)
(-3.49 0.8641 1)
(-3.48 0.8632 1)
(-3.47 0.8623 1)
(-3.46 0.8614 1)
(-3.45 0.8605 1)
(-3.44 0.8596 1)
(-3.43 0.8587 1)
(-3.42 0.8578 1)
(-3.41 0.8569 1)
(-3.4 0.856 1)
(-3.39 0.8551 1)
(-3.38 0.8542 1)
(-3.37 0.8533 1)
(-3.36 0.8524 1)
(-3.35 0.8515 1)
(-3.34 0.8506 1)
(-3.33 0.8497 1)
(-3.32 0.8488 1)
(-3.31 0.8479 1)
(-3.3 0.847 1)
(-3.29 0.8461 1)
(-3.28 0.8452 1)
(-3.27 0.8443 1)
(-3.26 0.8434 1)
(-3.25 0.8425 1)
(-3.24 0.8416 1)
(-3.23 0.8407 1)
(-3.22 0.8398 1)
(-3.21 0.8389 1)
(-3.2 0.838 1)
(-3.19 0.8371 1)
(-3.18 0.8362 1)
(-3.17 0.8353 1)
(-3.16 0.8344 1)
(-3.15 0.8335 1)
(-3.14 0.8326 1)
(-3.13 0.8317 1)
(-3.12 0.8308 1)
(-3.11 0.8299 1)
(-3.1 0.829 1)
(-3.09 0.8281 1)
(-3.08 0.8272 1)
(-3.07 0.8263 1)
(-3.06 0.8254 1)
(-3.05 0.8245 1)
(-3.04 0.8236 1)
(-3.03 0.8227 1)
(-3.02 0.8218 1)
(-3.01 0.8209 1)
(-3 0.82 1)
(-2.99 0.8191 1)
(-2.98 0.8182 1)
(-2.97 0.8173 1)
(-2.96 0.8164 1)
(-2.95 0.8155 1)
(-2.94 0.8146 1)
(-2.93 0.8137 1)
(-2.92 0.8128 1)
(-2.91 0.8119 1)
(-2.9 0.811 1)
(-2.89 0.8101 1)
(-2.88 0.8092 1)
(-2.87 0.8083 1)
(-2.86 0.8074 1)
(-2.85 0.8065 1)
(-2.84 0.8056 1)
(-2.83 0.8047 1)
(-2.82 0.8038 1)
(-2.81 0.8029 1)
(-2.8 0.802 1)
(-2.79 0.8011 1)
(-2.78 0.8002 1)
(-2.77 0.7993 1)
(-2.76 0.7984 1)
(-2.75 0.7975 1)
(-2.74 0.7966 1)
(-2.73 0.7957 1)
(-2.72 0.7948 1)
(-2.71 0.7939 1)
(-2.7 0.793 1)
(-2.69 0.7921 1)
(-2.68 0.7912 1)
(-2.67 0.7903 1)
(-2.66 0.7894 1)
(-2.65 0.7885 1)
(-2.64 0.7876 1)
(-2.63 0.7867 1)
(-2.62 0.7858 1)
(-2.61 0.7849 1)
(-2.6 0.784 1)
(-2.59 0.7831 1)
(-2.58 0.7822 1)
(-2.57 0.7813 1)
(-2.56 0.7804 1)
(-2.55 0.7795 1)
(-2.54 0.7786 1)
(-2.53 0.7777 1)
(-2.52 0.7768 1)
(-2.51 0.7759 1)
(-2.5 0.775 1)
(-2.49 0.7741 1)
(-2.48 0.7732 1)
(-2.47 0.7723 1)
(-2.46 0.7714 1)
(-2.45 0.7705 1)
(-2.44 0.7696 1)
(-2.43 0.7687 1)
(-2.42 0.7678 1)
(-2.41 0.7669 1)
(-2.4 0.766 1)
(-2.39 0.7651 1)
(-2.38 0.7642 1)
(-2.37 0.7633 1)
(-2.36 0.7624 1)
(-2.35 0.7615 1)
(-2.34 0.7606 1)
(-2.33 0.7597 1)
(-2.32 0.7588 1)
(-2.31 0.7579 1)
(-2.3 0.757 1)
(-2.29 0.7561 1)
(-2.28 0.7552 1)
(-2.27 0.7543 1)
(-2.26 0.7534 1)
(-2.25 0.7525 1)
(-2.24 0.7516 1)
(-2.23 0.7507 1)
(-2.22 0.7498 1)
(-2.21 0.7489 1)
(-2.2 0.748 1)
(-2.19 0.7471 1)
(-2.18 0.7462 1)
(-2.17 0.7453 1)
(-2.16 0.7444 1)
(-2.15 0.7435 1)
(-2.14 0.7426 1)
(-2.13 0.7417 1)
(-2.12 0.7408 1)
(-2.11 0.7399 1)
(-2.1 0.739 1)
(-2.09 0.7381 1)
(-2.08 0.7372 1)
(-2.07 0.7363 1)
(-2.06 0.7354 1)
(-2.05 0.7345 1)
(-2.04 0.7336 1)
(-2.03 0.7327 1)
(-2.02 0.7318 1)
(-2.01 0.7309 1)
(-2 0.73 1)
(-1.99 0.7291 1)
(-1.98 0.7282 1)
(-1.97 0.7273 1)
(-1.96 0.7264 1)
(-1.95 0.7255 1)
(-1.94 0.7246 1)
(-1.93 0.7237 1)
(-1.92 0.7228 1)
(-1.91 0.7219 1)
(-1.9 0.721 1)
(-1.89 0.7201 1)
(-1.88 0.7192 1)
(-1.87 0.7183 1)
(-1.86 0.7174 1)
(-1.85 0.7165 1)
(-1.84 0.7156 1)
(-1.83 0.7147 1)
(-1.82 0.7138 1)
(-1.81 0.7129 1)
(-1.8 0.712 1)
(-1.79 0.7111 1)
(-1.78 0.7102 1)
(-1.77 0.7093 1)
(-1.76 0.7084 1)
(-1.75 0.7075 1)
(-1.74 0.7066 1)
(-1.73 0.7057 1)
(-1.72 0.7048 1)
(-1.71 0.7039 1)
(-1.7 0.703 1)
(-1.69 0.7021 1)
(-1.68 0.7012 1)
(-1.67 0.7003 1)
(-1.66 0.6994 1)
(-1.65 0.6985 1)
(-1.64 0.6976 1)
(-1.63 0.6967 1)
(-1.62 0.6958 1)
(-1.61 0.6949 1)
(-1.6 0.694 1)
(-1.59 0.6931 1)
(-1.58 0.6922 1)
(-1.57 0.6913 1)
(-1.56 0.6904 1)
(-1.55 0.6895 1)
(-1.54 0.6886 1)
(-1.53 0.6877 1)
(-1.52 0.6868 1)
(-1.51 0.6859 1)
(-1.5 0.685 1)
(-1.49 0.6841 1)
(-1.48 0.6832 1)
(-1.47 0.6823 1)
(-1.46 0.6814 1)
(-1.45 0.6805 1)
(-1.44 0.6796 1)
(-1.43 0.6787 1)
(-1.42 0.6778 1)
(-1.41 0.6769 1)
(-1.4 0.676 1)
(-1.39 0.6751 1)
(-1.38 0.6742 1)
(-1.37 0.6733 1)
(-1.36 0.6724 1)
(-1.35 0.6715 1)
(-1.34 0.6706 1)
(-1.33 0.6697 1)
(-1.32 0.6688 1)
(-1.31 0.6679 1)
(-1.3 0.667 1)
(-1.29 0.6661 1)
(-1.28 0.6652 1)
(-1.27 0.6643 1)
(-1.26 0.6634 1)
(-1.25 0.6625 1)
(-1.24 0.6616 1)
(-1.23 0.6607 1)
(-1.22 0.6598 1)
(-1.21 0.6589 1)
(-1.2 0.658 1)
(-1.19 0.6571 1)
(-1.18 0.6562 1)
(-1.17 0.6553 1)
(-1.16 0.6544 1)
(-1.15 0.6535 1)
(-1.14 0.6526 1)
(-1.13 0.6517 1)
(-1.12 0.6508 1)
(-1.11 0.6499 1)
(-1.1 0.649 1)
(-1.09 0.6481 1)
(-1.08 0.6472 1)
(-1.07 0.6463 1)
(-1.06 0.6454 1)
(-1.05 0.6445 1)
(-1.04 0.6436 1)
(-1.03 0.6427 1)
(-1.02 0.6418 1)
(-1.01 0.6409 1)
(-1 0.64 1)
(-0.99 0.6391 1)
(-0.98 0.6382 1)
(-0.97 0.6373 1)
(-0.96 0.6364 1)
(-0.95 0.6355 1)
(-0.94 0.6346 1)
(-0.93 0.6337 1)
(-0.92 0.6328 1)
(-0.91 0.6319 1)
(-0.9 0.631 1)
(-0.89 0.6301 1)
(-0.88 0.6292 1)
(-0.87 0.6283 1)
(-0.86 0.6274 1)
(-0.85 0.6265 1)
(-0.84 0.6256 1)
(-0.83 0.6247 1)
(-0.82 0.6238 1)
(-0.81 0.6229 1)
(-0.8 0.622 1)
(-0.79 0.6211 1)
(-0.78 0.6202 1)
(-0.77 0.6193 1)
(-0.76 0.6184 1)
(-0.75 0.6175 1)
(-0.74 0.6166 1)
(-0.73 0.6157 1)
(-0.72 0.6148 1)
(-0.71 0.6139 1)
(-0.7 0.613 1)
(-0.69 0.6121 1)
(-0.68 0.6112 1)
(-0.67 0.6103 1)
(-0.66 0.6094 1)
(-0.65 0.6085 1)
(-0.64 0.6076 1)
(-0.63 0.6067 1)
(-0.62 0.6058 1)
(-0.61 0.6049 1)
(-0.6 0.604 1)
(-0.59 0.6031 1)
(-0.58 0.6022 1)
(-0.57 0.6013 1)
(-0.56 0.6004 1)
(-0.55 0.5995 1)
(-0.54 0.5986 1)
(-0.53 0.5977 1)
(-0.52 0.5968 1)
(-0.51 0.5959 1)
(-0.5 0.595 1)
(-0.49 0.5941 1)
(-0.48 0.5932 1)
(-0.47 0.5923 1)
(-0.46 0.5914 1)
(-0.45 0.5905 1)
(-0.44 0.5896 1)
(-0.43 0.5887 1)
(-0.42 0.5878 1)
(-0.41 0.5869 1)
(-0.4 0.586 1)
(-0.39 0.5851 1)
(-0.38 0.5842 1)
(-0.37 0.5833 1)
(-0.36 0.5824 1)
(-0.35 0.5815 1)
(-0.34 0.5806 1)
(-0.33 0.5797 1)
(-0.32 0.5788 1)
(-0.31 0.5779 1)
(-0.3 0.577 1)
(-0.29 0.5761 1)
(-0.28 0.5752 1)
(-0.27 0.5743 1)
(-0.26 0.5734 1)
(-0.25 0.5725 1)
(-0.24 0.5716 1)
(-0.23 0.5707 1)
(-0.22 0.5698 1)
(-0.21 0.5689 1)
(-0.2 0.568 1)
(-0.19 0.5671 1)
(-0.18 0.5662 1)
(-0.17 0.5653 1)
(-0.16 0.5644 1)
(-0.15 0.5635 1)
(-0.14 0.5626 1)
(-0.13 0.5617 1)
(-0.12 0.5608 1)
(-0.11 0.5599 1)
(-0.1 0.559 1)
(-0.09 0.5581 1)
(-0.08 0.5572 1)
(-0.07 0.5563 1)
(-0.06 0.5554 1)
(-0.05 0.5545 1)
(-0.04 0.5536 1)
(-0.03 0.5527 1)
(-0.02 0.5518 1)
(-0.01 0.5509 1)
(0 0.55 1)
(0.01 0.5491 1)
(0.02 0.5482 1)
(0.03 0.5473 1)
(0.04 0.5464 1)
(0.05 0.5455 1)
(0.06 0.5446 1)
(0.07 0.5437 1)
(0.08 0.5428 1)
(0.09 0.5419 1)
(0.1 0.541 1)
(0.11 0.5401 1)
(0.12 0.5392 1)
(0.13 0.5383 1)
(0.14 0.5374 1)
(0.15 0.5365 1)
(0.16 0.5356 1)
(0.17 0.5347 1)
(0.18 0.5338 1)
(0.19 0.5329 1)
(0.2 0.532 1)
(0.21 0.5311 1)
(0.22 0.5302 1)
(0.23 0.5293 1)
(0.24 0.5284 1)
(0.25 0.5275 1)
(0.26 0.5266 1)
(0.27 0.5257 1)
(0.28 0.5248 1)
(0.29 0.5239 1)
(0.3 0.523 1)
(0.31 0.5221 1)
(0.32 0.5212 1)
(0.33 0.5203 1)
(0.34 0.5194 1)
(0.35 0.5185 1)
(0.36 0.5176 1)
(0.37 0.5167 1)
(0.38 0.5158 1)
(0.39 0.5149 1)
(0.4 0.514 1)
(0.41 0.5131 1)
(0.42 0.5122 1)
(0.43 0.5113 1)
(0.44 0.5104 1)
(0.45 0.5095 1)
(0.46 0.5086 1)
(0.47 0.5077 1)
(0.48 0.5068 1)
(0.49 0.5059 1)
(0.5 0.505 1)
(0.51 0.5041 1)
(0.52 0.5032 1)
(0.53 0.5023 1)
(0.54 0.5014 1)
(0.55 0.5005 1)
(0.56 0.4996 1)
(0.57 0.4987 1)
(0.58 0.4978 1)
(0.59 0.4969 1)
(0.6 0.496 1)
(0.61 0.4951 1)
(0.62 0.4942 1)
(0.63 0.4933 1)
(0.64 0.4924 1)
(0.65 0.4915 1)
(0.66 0.4906 1)
(0.67 0.4897 1)
(0.68 0.4888 1)
(0.69 0.4879 1)
(0.7 0.487 1)
(0.71 0.4861 1)
(0.72 0.4852 1)
(0.73 0.4843 1)
(0.74 0.4834 1)
(0.75 0.4825 1)
(0.76 0.4816 1)
(0.77 0.4807 1)
(0.78 0.4798 1)
(0.79 0.4789 1)
(0.8 0.478 1)
(0.81 0.4771 1)
(0.82 0.4762 1)
(0.83 0.4753 1)
(0.84 0.4744 1)
(0.85 0.4735 1)
(0.86 0.4726 1)
(0.87 0.4717 1)
(0.88 0.4708 1)
(0.89 0.4699 1)
(0.9 0.469 1)
(0.91 0.4681 1)
(0.92 0.4672 1)
(0.93 0.4663 1)
(0.94 0.4654 1)
(0.95 0.4645 1)
(0.96 0.4636 1)
(0.97 0.4627 1)
(0.98 0.4618 1)
(0.99 0.4609 1)
(1 0.46 1)
(1.01 0.4591 1)
(1.02 0.4582 1)
(1.03 0.4573 1)
(1.04 0.4564 1)
(1.05 0.4555 1)
(1.06 0.4546 1)
(1.07 0.4537 1)
(1.08 0.4528 1)
(1.09 0.4519 1)
(1.1 0.451 1)
(1.11 0.4501 1)
(1.12 0.4492 1)
(1.13 0.4483 1)
(1.14 0.4474 1)
(1.15 0.4465 1)
(1.16 0.4456 1)
(1.17 0.4447 1)
(1.18 0.4438 1)
(1.19 0.4429 1)
(1.2 0.442 1)
(1.21 0.4411 1)
(1.22 0.4402 1)
(1.23 0.4393 1)
(1.24 0.4384 1)
(1.25 0.4375 1)
(1.26 0.4366 1)
(1.27 0.4357 1)
(1.28 0.4348 1)
(1.29 0.4339 1)
(1.3 0.433 1)
(1.31 0.4321 1)
(1.32 0.4312 1)
(1.33 0.4303 1)
(1.34 0.4294 1)
(1.35 0.4285 1)
(1.36 0.4276 1)
(1.37 0.4267 1)
(1.38 0.4258 1)
(1.39 0.4249 1)
(1.4 0.424 1)
(1.41 0.4231 1)
(1.42 0.4222 1)
(1.43 0.4213 1)
(1.44 0.4204 1)
(1.45 0.4195 1)
(1.46 0.4186 1)
(1.47 0.4177 1)
(1.48 0.4168 1)
(1.49 0.4159 1)
(1.5 0.415 1)
(1.51 0.4141 1)
(1.52 0.4132 1)
(1.53 0.4123 1)
(1.54 0.4114 1)
(1.55 0.4105 1)
(1.56 0.4096 1)
(1.57 0.4087 1)
(1.58 0.4078 1)
(1.59 0.4069 1)
(1.6 0.406 1)
(1.61 0.4051 1)
(1.62 0.4042 1)
(1.63 0.4033 1)
(1.64 0.4024 1)
(1.65 0.4015 1)
(1.66 0.4006 1)
(1.67 0.3997 1)
(1.68 0.3988 1)
(1.69 0.3979 1)
(1.7 0.397 1)
(1.71 0.3961 1)
(1.72 0.3952 1)
(1.73 0.3943 1)
(1.74 0.3934 1)
(1.75 0.3925 1)
(1.76 0.3916 1)
(1.77 0.3907 1)
(1.78 0.3898 1)
(1.79 0.3889 1)
(1.8 0.388 1)
(1.81 0.3871 1)
(1.82 0.3862 1)
(1.83 0.3853 1)
(1.84 0.3844 1)
(1.85 0.3835 1)
(1.86 0.3826 1)
(1.87 0.3817 1)
(1.88 0.3808 1)
(1.89 0.3799 1)
(1.9 0.379 1)
(1.91 0.3781 1)
(1.92 0.3772 1)
(1.93 0.3763 1)
(1.94 0.3754 1)
(1.95 0.3745 1)
(1.96 0.3736 1)
(1.97 0.3727 1)
(1.98 0.3718 1)
(1.99 0.3709 1)
(2 0.37 1)
(2.01 0.3691 1)
(2.02 0.3682 1)
(2.03 0.3673 1)
(2.04 0.3664 1)
(2.05 0.3655 1)
(2.06 0.3646 1)
(2.07 0.3637 1)
(2.08 0.3628 1)
(2.09 0.3619 1)
(2.1 0.361 1)
(2.11 0.3601 1)
(2.12 0.3592 1)
(2.13 0.3583 1)
(2.14 0.3574 1)
(2.15 0.3565 1)
(2.16 0.3556 1)
(2.17 0.3547 1)
(2.18 0.3538 1)
(2.19 0.3529 1)
(2.2 0.352 1)
(2.21 0.3511 1)
(2.22 0.3502 1)
(2.23 0.3493 1)
(2.24 0.3484 1)
(2.25 0.3475 1)
(2.26 0.3466 1)
(2.27 0.3457 1)
(2.28 0.3448 1)
(2.29 0.3439 1)
(2.3 0.343 1)
(2.31 0.3421 1)
(2.32 0.3412 1)
(2.33 0.3403 1)
(2.34 0.3394 1)
(2.35 0.3385 1)
(2.36 0.3376 1)
(2.37 0.3367 1)
(2.38 0.3358 1)
(2.39 0.3349 1)
(2.4 0.334 1)
(2.41 0.3331 1)
(2.42 0.3322 1)
(2.43 0.3313 1)
(2.44 0.3304 1)
(2.45 0.3295 1)
(2.46 0.3286 1)
(2.47 0.3277 1)
(2.48 0.3268 1)
(2.49 0.3259 1)
(2.5 0.325 1)
(2.51 0.3241 1)
(2.52 0.3232 1)
(2.53 0.3223 1)
(2.54 0.3214 1)
(2.55 0.3205 1)
(2.56 0.3196 1)
(2.57 0.3187 1)
(2.58 0.3178 1)
(2.59 0.3169 1)
(2.6 0.316 1)
(2.61 0.3151 1)
(2.62 0.3142 1)
(2.63 0.3133 1)
(2.64 0.3124 1)
(2.65 0.3115 1)
(2.66 0.3106 1)
(2.67 0.3097 1)
(2.68 0.3088 1)
(2.69 0.3079 1)
(2.7 0.307 1)
(2.71 0.3061 1)
(2.72 0.3052 1)
(2.73 0.3043 1)
(2.74 0.3034 1)
(2.75 0.3025 1)
(2.76 0.3016 1)
(2.77 0.3007 1)
(2.78 0.2998 1)
(2.79 0.2989 1)
(2.8 0.298 1)
(2.81 0.2971 1)
(2.82 0.2962 1)
(2.83 0.2953 1)
(2.84 0.2944 1)
(2.85 0.2935 1)
(2.86 0.2926 1)
(2.87 0.2917 1)
(2.88 0.2908 1)
(2.89 0.2899 1)
(2.9 0.289 1)
(2.91 0.2881 1)
(2.92 0.2872 1)
(2.93 0.2863 1)
(2.94 0.2854 1)
(2.95 0.2845 1)
(2.96 0.2836 1)
(2.97 0.2827 1)
(2.98 0.2818 1)
(2.99 0.2809 1)
(3 0.28 1)
(3.01 0.2791 1)
(3.02 0.2782 1)
(3.03 0.2773 1)
(3.04 0.2764 1)
(3.05 0.2755 1)
(3.06 0.2746 1)
(3.07 0.2737 1)
(3.08 0.2728 1)
(3.09 0.2719 1)
(3.1 0.271 1)
(3.11 0.2701 1)
(3.12 0.2692 1)
(3.13 0.2683 1)
(3.14 0.2674 1)
(3.15 0.2665 1)
(3.16 0.2656 1)
(3.17 0.2647 1)
(3.18 0.2638 1)
(3.19 0.2629 1)
(3.2 0.262 1)
(3.21 0.2611 1)
(3.22 0.2602 1)
(3.23 0.2593 1)
(3.24 0.2584 1)
(3.25 0.2575 1)
(3.26 0.2566 1)
(3.27 0.2557 1)
(3.28 0.2548 1)
(3.29 0.2539 1)
(3.3 0.253 1)
(3.31 0.2521 1)
(3.32 0.2512 1)
(3.33 0.2503 1)
(3.34 0.2494 1)
(3.35 0.2485 1)
(3.36 0.2476 1)
(3.37 0.2467 1)
(3.38 0.2458 1)
(3.39 0.2449 1)
(3.4 0.244 1)
(3.41 0.2431 1)
(3.42 0.2422 1)
(3.43 0.2413 1)
(3.44 0.2404 1)
(3.45 0.2395 1)
(3.46 0.2386 1)
(3.47 0.2377 1)
(3.48 0.2368 1)
(3.49 0.2359 1)
(3.5 0.235 1)
(3.51 0.2341 1)
(3.52 0.2332 1)
(3.53 0.2323 1)
(3.54 0.2314 1)
(3.55 0.2305 1)
(3.56 0.2296 1)
(3.57 0.2287 1)
(3.58 0.2278 1)
(3.59 0.2269 1)
(3.6 0.226 1)
(3.61 0.2251 1)
(3.62 0.2242 1)
(3.63 0.2233 1)
(3.64 0.2224 1)
(3.65 0.2215 1)
(3.66 0.2206 1)
(3.67 0.2197 1)
(3.68 0.2188 1)
(3.69 0.2179 1)
(3.7 0.217 1)
(3.71 0.2161 1)
(3.72 0.2152 1)
(3.73 0.2143 1)
(3.74 0.2134 1)
(3.75 0.2125 1)
(3.76 0.2116 1)
(3.77 0.2107 1)
(3.78 0.2098 1)
(3.79 0.2089 1)
(3.8 0.208 1)
(3.81 0.2071 1)
(3.82 0.2062 1)
(3.83 0.2053 1)
(3.84 0.2044 1)
(3.85 0.2035 1)
(3.86 0.2026 1)
(3.87 0.2017 1)
(3.88 0.2008 1)
(3.89 0.1999 1)
(3.9 0.199 1)
(3.91 0.1981 1)
(3.92 0.1972 1)
(3.93 0.1963 1)
(3.94 0.1954 1)
(3.95 0.1945 1)
(3.96 0.1936 1)
(3.97 0.1927 1)
(3.98 0.1918 1)
(3.99 0.1909 1)
(4 0.19 1)
(4.01 0.1891 1)
(4.02 0.1882 1)
(4.03 0.1873 1)
(4.04 0.1864 1)
(4.05 0.1855 1)
(4.06 0.1846 1)
(4.07 0.1837 1)
(4.08 0.1828 1)
(4.09 0.1819 1)
(4.1 0.181 1)
(4.11 0.1801 1)
(4.12 0.1792 1)
(4.13 0.1783 1)
(4.14 0.1774 1)
(4.15 0.1765 1)
(4.16 0.1756 1)
(4.17 0.1747 1)
(4.18 0.1738 1)
(4.19 0.1729 1)
(4.2 0.172 1)
(4.21 0.1711 1)
(4.22 0.1702 1)
(4.23 0.1693 1)
(4.24 0.1684 1)
(4.25 0.1675 1)
(4.26 0.1666 1)
(4.27 0.1657 1)
(4.28 0.1648 1)
(4.29 0.1639 1)
(4.3 0.163 1)
(4.31 0.1621 1)
(4.32 0.1612 1)
(4.33 0.1603 1)
(4.34 0.1594 1)
(4.35 0.1585 1)
(4.36 0.1576 1)
(4.37 0.1567 1)
(4.38 0.1558 1)
(4.39 0.1549 1)
(4.4 0.154 1)
(4.41 0.1531 1)
(4.42 0.1522 1)
(4.43 0.1513 1)
(4.44 0.1504 1)
(4.45 0.1495 1)
(4.46 0.1486 1)
(4.47 0.1477 1)
(4.48 0.1468 1)
(4.49 0.1459 1)
(4.5 0.145 1)
(4.51 0.1441 1)
(4.52 0.1432 1)
(4.53 0.1423 1)
(4.54 0.1414 1)
(4.55 0.1405 1)
(4.56 0.1396 1)
(4.57 0.1387 1)
(4.58 0.1378 1)
(4.59 0.1369 1)
(4.6 0.136 1)
(4.61 0.1351 1)
(4.62 0.1342 1)
(4.63 0.1333 1)
(4.64 0.1324 1)
(4.65 0.1315 1)
(4.66 0.1306 1)
(4.67 0.1297 1)
(4.68 0.1288 1)
(4.69 0.1279 1)
(4.7 0.127 1)
(4.71 0.1261 1)
(4.72 0.1252 1)
(4.73 0.1243 1)
(4.74 0.1234 1)
(4.75 0.1225 1)
(4.76 0.1216 1)
(4.77 0.1207 1)
(4.78 0.1198 1)
(4.79 0.1189 1)
(4.8 0.118 1)
(4.81 0.1171 1)
(4.82 0.1162 1)
(4.83 0.1153 1)
(4.84 0.1144 1)
(4.85 0.1135 1)
(4.86 0.1126 1)
(4.87 0.1117 1)
(4.88 0.1108 1)
(4.89 0.1099 1)
(4.9 0.109 1)
(4.91 0.1081 1)
(4.92 0.1072 1)
(4.93 0.1063 1)
(4.94 0.1054 1)
(4.95 0.1045 1)
(4.96 0.1036 1)
(4.97 0.1027 1)
(4.98 0.1018 1)
(4.99 0.1009 1)
(5 0.1 1)
)


// ************************************************************************* //
