/*--------------------------------*- C++ -*----------------------------------*\
| =========                 |                                                 |
| \\      /  F ield         | OpenFOAM: The Open Source CFD Toolbox           |
|  \\    /   O peration     | Version:  2.4.0                                 |
|   \\  /    A nd           | Web:      www.OpenFOAM.org                      |
|    \\/     M anipulation  |                                                 |
\*---------------------------------------------------------------------------*/
FoamFile
{
    version     2.0;
    format      ascii;
    class       volScalarField;
    location    "0.02";
    object      p;
}
// * * * * * * * * * * * * * * * * * * * * * * * * * * * * * * * * * * * * * //

dimensions      [1 -1 -2 0 0 0 0];

internalField   nonuniform List<scalar> 
1000
(
5e+06
5e+06
5e+06
5e+06
5e+06
5e+06
5e+06
5e+06
5e+06
5e+06
5e+06
5e+06
5e+06
5e+06
5e+06
5e+06
5e+06
5e+06
5e+06
5e+06
5e+06
5e+06
5e+06
5e+06
5e+06
5e+06
5e+06
5e+06
5e+06
5e+06
5e+06
5e+06
5e+06
5e+06
5e+06
5e+06
5e+06
5e+06
5e+06
5e+06
5e+06
5e+06
5e+06
5e+06
5e+06
5e+06
5e+06
5e+06
5e+06
5e+06
5e+06
5e+06
5e+06
5e+06
5e+06
5e+06
5e+06
5e+06
5e+06
5e+06
5e+06
5e+06
5e+06
5e+06
5e+06
5e+06
5e+06
5e+06
5e+06
5e+06
5e+06
5e+06
5e+06
5e+06
5e+06
5e+06
5e+06
5e+06
5e+06
5e+06
5e+06
5e+06
5e+06
5e+06
5e+06
5e+06
5e+06
5e+06
5e+06
5e+06
5e+06
5e+06
5e+06
5e+06
5e+06
5e+06
5e+06
5e+06
5e+06
5e+06
5e+06
5e+06
5e+06
5e+06
5e+06
5e+06
5e+06
5e+06
5e+06
5e+06
5e+06
5e+06
5e+06
5e+06
5e+06
5e+06
5e+06
5e+06
5e+06
5e+06
5e+06
5e+06
5e+06
5e+06
5e+06
5e+06
5e+06
5e+06
5e+06
5e+06
5e+06
5e+06
5e+06
5e+06
5e+06
5e+06
5e+06
5e+06
5e+06
5e+06
5e+06
5e+06
5e+06
5e+06
5e+06
5e+06
5e+06
5e+06
5e+06
5e+06
5e+06
5e+06
5e+06
5e+06
5e+06
5e+06
5e+06
5e+06
5e+06
5e+06
5e+06
5e+06
5e+06
5e+06
5e+06
5e+06
5e+06
5e+06
5e+06
5e+06
5e+06
5e+06
5e+06
5e+06
5e+06
5e+06
5e+06
5e+06
5e+06
5e+06
5e+06
5e+06
5e+06
5e+06
5e+06
5e+06
5e+06
5e+06
5e+06
5e+06
5e+06
5e+06
5e+06
5e+06
5e+06
5e+06
5e+06
5e+06
5e+06
5e+06
5e+06
5e+06
5e+06
5e+06
5e+06
5e+06
5e+06
5e+06
5e+06
5e+06
5e+06
5e+06
5e+06
5e+06
5e+06
5e+06
5e+06
5e+06
5e+06
5e+06
5e+06
5e+06
5e+06
5e+06
5e+06
5e+06
5e+06
5e+06
5e+06
5e+06
5e+06
5e+06
5e+06
5e+06
5e+06
5e+06
5e+06
5e+06
5e+06
5e+06
5e+06
5e+06
5e+06
5e+06
5e+06
5e+06
5e+06
5e+06
5e+06
5e+06
5e+06
5e+06
5e+06
5e+06
5e+06
5e+06
5e+06
5e+06
5e+06
5e+06
5e+06
5e+06
5e+06
5e+06
5e+06
5e+06
5e+06
5e+06
5e+06
5e+06
5e+06
5e+06
5e+06
5e+06
5e+06
5e+06
5e+06
5e+06
5e+06
5e+06
5e+06
5e+06
5e+06
5e+06
5e+06
5e+06
5e+06
5e+06
5e+06
5e+06
5e+06
5e+06
5e+06
5e+06
5e+06
5e+06
5e+06
5e+06
5e+06
5e+06
5e+06
5e+06
5e+06
5e+06
5e+06
5e+06
5e+06
5e+06
5e+06
5e+06
5e+06
5e+06
5e+06
5e+06
5e+06
5e+06
5e+06
5e+06
5e+06
5e+06
5e+06
5e+06
5e+06
5e+06
5e+06
5e+06
5e+06
5e+06
5e+06
5e+06
5e+06
5e+06
5e+06
5e+06
5e+06
5e+06
5e+06
5e+06
5e+06
5e+06
5e+06
5e+06
5e+06
5e+06
5e+06
5e+06
5e+06
5e+06
5e+06
5e+06
5e+06
5e+06
5e+06
5e+06
5e+06
5e+06
5e+06
5e+06
5e+06
5e+06
5e+06
5e+06
5e+06
5e+06
5e+06
5e+06
5e+06
5e+06
5e+06
5e+06
5e+06
5e+06
5e+06
5e+06
5e+06
5e+06
5e+06
5e+06
5e+06
5e+06
5e+06
5e+06
5e+06
5e+06
5e+06
5e+06
5e+06
5e+06
5e+06
5e+06
5e+06
5e+06
5e+06
5e+06
5e+06
5e+06
5e+06
5e+06
5e+06
5e+06
5e+06
5e+06
5e+06
5e+06
5e+06
5e+06
5e+06
5e+06
5e+06
5e+06
5e+06
5e+06
5e+06
5e+06
5e+06
5e+06
5e+06
5e+06
5e+06
5e+06
5e+06
5e+06
5e+06
5e+06
5e+06
5e+06
5e+06
5e+06
5e+06
5e+06
5e+06
5e+06
5e+06
5e+06
5e+06
5e+06
5e+06
5e+06
5e+06
5e+06
5e+06
5e+06
5e+06
5e+06
5e+06
5e+06
5e+06
5e+06
5e+06
5e+06
5e+06
5e+06
5e+06
5e+06
5e+06
5e+06
5e+06
5e+06
5e+06
5e+06
5e+06
5e+06
5e+06
5e+06
5e+06
5e+06
5e+06
5e+06
5e+06
5e+06
5e+06
5e+06
5e+06
5e+06
5e+06
5e+06
5e+06
5e+06
5e+06
5e+06
5e+06
5e+06
5e+06
5e+06
5e+06
5e+06
5e+06
5e+06
5e+06
5e+06
5e+06
5e+06
5e+06
5e+06
5e+06
5e+06
5e+06
5e+06
5e+06
5e+06
5e+06
5e+06
5e+06
5e+06
5e+06
5e+06
5e+06
5e+06
5e+06
5e+06
5e+06
5e+06
5e+06
5e+06
5e+06
5e+06
5e+06
5e+06
5e+06
5e+06
5e+06
5e+06
5e+06
5e+06
5e+06
5e+06
5e+06
5e+06
5e+06
5e+06
5e+06
5e+06
5e+06
5e+06
5e+06
5e+06
5e+06
5e+06
5e+06
5e+06
5e+06
5e+06
5e+06
5e+06
5e+06
5e+06
5e+06
5e+06
5e+06
5e+06
5e+06
5e+06
5e+06
5e+06
5e+06
5e+06
5e+06
5e+06
5e+06
5e+06
5e+06
5e+06
5e+06
5e+06
5e+06
5e+06
5e+06
5e+06
5e+06
5e+06
5e+06
5e+06
5e+06
5e+06
5e+06
5e+06
5e+06
5e+06
5e+06
5e+06
5e+06
5e+06
5e+06
5e+06
5e+06
5e+06
5e+06
5e+06
5e+06
5e+06
5e+06
5e+06
5e+06
5e+06
5e+06
5e+06
5e+06
5e+06
5e+06
5e+06
5e+06
5e+06
5e+06
5e+06
5e+06
5e+06
5e+06
5e+06
5e+06
5e+06
5e+06
5e+06
5e+06
5e+06
5e+06
5e+06
5e+06
5e+06
5e+06
5e+06
5e+06
5e+06
5e+06
5e+06
5e+06
5e+06
5e+06
5e+06
5e+06
5e+06
5e+06
5e+06
5e+06
5e+06
5e+06
5e+06
5e+06
5e+06
5e+06
5e+06
5e+06
5e+06
5e+06
5e+06
5e+06
5e+06
5e+06
5e+06
5e+06
5e+06
5e+06
5e+06
5e+06
5e+06
5e+06
5e+06
5e+06
5e+06
5e+06
5e+06
5e+06
5e+06
5e+06
5e+06
5e+06
5e+06
5e+06
5e+06
5e+06
5e+06
5e+06
5e+06
5e+06
5e+06
5e+06
5e+06
5e+06
5e+06
5e+06
5e+06
5e+06
5e+06
5e+06
5e+06
5e+06
5e+06
5e+06
5e+06
5e+06
5e+06
5e+06
5e+06
5e+06
5e+06
5e+06
5e+06
5e+06
5e+06
5e+06
5e+06
5e+06
5e+06
5e+06
5e+06
5e+06
5e+06
5e+06
5e+06
5e+06
5e+06
5e+06
5e+06
5e+06
5e+06
5e+06
5e+06
5e+06
5e+06
5e+06
5e+06
5e+06
5e+06
5e+06
5e+06
5e+06
5e+06
5e+06
5e+06
5e+06
5e+06
5e+06
5e+06
5e+06
5e+06
5e+06
5e+06
5e+06
5e+06
5e+06
5e+06
5e+06
5e+06
5e+06
5e+06
5e+06
5e+06
5e+06
5e+06
5e+06
5e+06
5e+06
5e+06
5e+06
5e+06
5e+06
5e+06
5e+06
5e+06
5e+06
5e+06
5e+06
5e+06
5e+06
5e+06
5e+06
5e+06
5e+06
5e+06
5e+06
5e+06
5e+06
5e+06
5e+06
5e+06
5e+06
5e+06
5e+06
5e+06
5e+06
5e+06
5e+06
5e+06
5e+06
5e+06
5e+06
5e+06
5e+06
5e+06
5e+06
5e+06
5e+06
5e+06
5e+06
5e+06
5e+06
5e+06
5e+06
5e+06
5e+06
5e+06
5e+06
5e+06
5e+06
5e+06
5e+06
5e+06
5e+06
5e+06
5e+06
5e+06
5e+06
5e+06
5e+06
5e+06
5e+06
5e+06
5e+06
5e+06
5e+06
5e+06
5e+06
5e+06
5e+06
5e+06
5e+06
5e+06
5e+06
5e+06
5e+06
5e+06
5e+06
5e+06
5e+06
5e+06
5e+06
5e+06
5e+06
5e+06
5e+06
5e+06
5e+06
5e+06
5e+06
5e+06
5e+06
5e+06
5e+06
5e+06
5e+06
5e+06
5e+06
5e+06
5e+06
5e+06
5e+06
5e+06
5e+06
5e+06
5e+06
5e+06
5e+06
5e+06
5e+06
5e+06
5e+06
5e+06
5e+06
5e+06
5e+06
5e+06
5e+06
5e+06
5e+06
5e+06
5e+06
5e+06
5e+06
5e+06
5e+06
5e+06
5e+06
5e+06
5e+06
5e+06
5e+06
5e+06
5e+06
5e+06
5e+06
5e+06
5e+06
5e+06
5e+06
5e+06
5e+06
5e+06
5e+06
5e+06
5e+06
5e+06
5e+06
5e+06
5e+06
5e+06
5e+06
5e+06
5e+06
5e+06
5e+06
5e+06
5e+06
5e+06
5e+06
5e+06
5e+06
5e+06
5e+06
5e+06
5e+06
5e+06
4.99999e+06
4.99999e+06
4.99998e+06
4.99997e+06
4.99995e+06
4.99991e+06
4.99985e+06
4.99975e+06
4.99959e+06
4.99935e+06
4.99898e+06
4.99844e+06
4.99765e+06
4.99653e+06
4.99498e+06
4.99289e+06
4.99014e+06
4.9866e+06
4.98215e+06
4.97669e+06
4.97016e+06
4.96253e+06
4.95379e+06
4.94401e+06
4.93328e+06
4.92171e+06
4.90945e+06
4.89663e+06
4.88338e+06
4.86982e+06
4.85605e+06
4.84212e+06
4.8281e+06
4.81402e+06
4.7999e+06
4.78575e+06
4.77158e+06
4.7574e+06
4.74322e+06
4.72903e+06
4.71484e+06
4.70064e+06
4.68644e+06
4.67224e+06
4.65804e+06
4.64383e+06
4.62962e+06
4.61541e+06
4.60118e+06
4.58695e+06
4.57271e+06
4.55846e+06
4.54419e+06
4.52991e+06
4.51561e+06
4.50129e+06
4.48695e+06
4.47259e+06
4.4582e+06
4.44378e+06
4.42933e+06
4.41485e+06
4.40034e+06
4.38579e+06
4.37121e+06
4.35659e+06
4.34194e+06
4.32726e+06
4.31253e+06
4.29778e+06
4.28296e+06
4.26812e+06
4.25322e+06
4.2383e+06
4.22336e+06
4.20836e+06
4.19341e+06
4.1785e+06
4.16361e+06
4.149e+06
)
;

boundaryField
{
    sideLeft
    {
        type            symmetryPlane;
    }
    sideRight
    {
        type            myWaveTransmissive;
        phi             phi.air;
        rho             rho.air;
        psi             thermo:psi.air;
        gamma           1.4;
        fieldInf        100000;
        lInf            10;
        value           uniform 4.14164e+06;
    }
    topbottom
    {
        type            empty;
    }
    frontback
    {
        type            empty;
    }
}


// ************************************************************************* //
