/*--------------------------------*- C++ -*----------------------------------*\
| =========                 |                                                 |
| \\      /  F ield         | OpenFOAM: The Open Source CFD Toolbox           |
|  \\    /   O peration     | Version:  2.4.0                                 |
|   \\  /    A nd           | Web:      www.OpenFOAM.org                      |
|    \\/     M anipulation  |                                                 |
\*---------------------------------------------------------------------------*/
FoamFile
{
    version     2.0;
    format      ascii;
    class       volScalarField;
    location    "0.03";
    object      p;
}
// * * * * * * * * * * * * * * * * * * * * * * * * * * * * * * * * * * * * * //

dimensions      [1 -1 -2 0 0 0 0];

internalField   nonuniform List<scalar> 
1000
(
5e+06
5e+06
5e+06
5e+06
5e+06
5e+06
5e+06
5e+06
5e+06
5e+06
5e+06
5e+06
5e+06
5e+06
5e+06
5e+06
5e+06
5e+06
5e+06
5e+06
5e+06
5e+06
5e+06
5e+06
5e+06
5e+06
5e+06
5e+06
5e+06
5e+06
5e+06
5e+06
5e+06
5e+06
5e+06
5e+06
5e+06
5e+06
5e+06
5e+06
5e+06
5e+06
5e+06
5e+06
5e+06
5e+06
5e+06
5e+06
5e+06
5e+06
5e+06
5e+06
5e+06
5e+06
5e+06
5e+06
5e+06
5e+06
5e+06
5e+06
5e+06
5e+06
5e+06
5e+06
5e+06
5e+06
5e+06
5e+06
5e+06
5e+06
5e+06
5e+06
5e+06
5e+06
5e+06
5e+06
5e+06
5e+06
5e+06
5e+06
5e+06
5e+06
5e+06
5e+06
5e+06
5e+06
5e+06
5e+06
5e+06
5e+06
5e+06
5e+06
5e+06
5e+06
5e+06
5e+06
5e+06
5e+06
5e+06
5e+06
5e+06
5e+06
5e+06
5e+06
5e+06
5e+06
5e+06
5e+06
5e+06
5e+06
5e+06
5e+06
5e+06
5e+06
5e+06
5e+06
5e+06
5e+06
5e+06
5e+06
5e+06
5e+06
5e+06
5e+06
5e+06
5e+06
5e+06
5e+06
5e+06
5e+06
5e+06
5e+06
5e+06
5e+06
5e+06
5e+06
5e+06
5e+06
5e+06
5e+06
5e+06
5e+06
5e+06
5e+06
5e+06
5e+06
5e+06
5e+06
5e+06
5e+06
5e+06
5e+06
5e+06
5e+06
5e+06
5e+06
5e+06
5e+06
5e+06
5e+06
5e+06
5e+06
5e+06
5e+06
5e+06
5e+06
5e+06
5e+06
5e+06
5e+06
5e+06
5e+06
5e+06
5e+06
5e+06
5e+06
5e+06
5e+06
5e+06
5e+06
5e+06
5e+06
5e+06
5e+06
5e+06
5e+06
5e+06
5e+06
5e+06
5e+06
5e+06
5e+06
5e+06
5e+06
5e+06
5e+06
5e+06
5e+06
5e+06
5e+06
5e+06
5e+06
5e+06
5e+06
5e+06
5e+06
5e+06
5e+06
5e+06
5e+06
5e+06
5e+06
5e+06
5e+06
5e+06
5e+06
5e+06
5e+06
5e+06
5e+06
5e+06
5e+06
5e+06
5e+06
5e+06
5e+06
5e+06
5e+06
5e+06
5e+06
5e+06
5e+06
5e+06
5e+06
5e+06
5e+06
5e+06
5e+06
5e+06
5e+06
5e+06
5e+06
5e+06
5e+06
5e+06
5e+06
5e+06
5e+06
5e+06
5e+06
5e+06
5e+06
5e+06
5e+06
5e+06
5e+06
5e+06
5e+06
5e+06
5e+06
5e+06
5e+06
5e+06
5e+06
5e+06
5e+06
5e+06
5e+06
5e+06
5e+06
5e+06
5e+06
5e+06
5e+06
5e+06
5e+06
5e+06
5e+06
5e+06
5e+06
5e+06
5e+06
5e+06
5e+06
5e+06
5e+06
5e+06
5e+06
5e+06
5e+06
5e+06
5e+06
5e+06
5e+06
5e+06
5e+06
5e+06
5e+06
5e+06
5e+06
5e+06
5e+06
5e+06
5e+06
5e+06
5e+06
5e+06
5e+06
5e+06
5e+06
5e+06
5e+06
5e+06
5e+06
5e+06
5e+06
5e+06
5e+06
5e+06
5e+06
5e+06
5e+06
5e+06
5e+06
5e+06
5e+06
5e+06
5e+06
5e+06
5e+06
5e+06
5e+06
5e+06
5e+06
5e+06
5e+06
5e+06
5e+06
5e+06
5e+06
5e+06
5e+06
5e+06
5e+06
5e+06
5e+06
5e+06
5e+06
5e+06
5e+06
5e+06
5e+06
5e+06
5e+06
5e+06
5e+06
5e+06
5e+06
5e+06
5e+06
5e+06
5e+06
5e+06
5e+06
5e+06
5e+06
5e+06
5e+06
5e+06
5e+06
5e+06
5e+06
5e+06
5e+06
5e+06
5e+06
5e+06
5e+06
5e+06
5e+06
5e+06
5e+06
5e+06
5e+06
5e+06
5e+06
5e+06
5e+06
5e+06
5e+06
5e+06
5e+06
5e+06
5e+06
5e+06
5e+06
5e+06
5e+06
5e+06
5e+06
5e+06
5e+06
5e+06
5e+06
5e+06
5e+06
5e+06
5e+06
5e+06
5e+06
5e+06
5e+06
5e+06
5e+06
5e+06
5e+06
5e+06
5e+06
5e+06
5e+06
5e+06
5e+06
5e+06
5e+06
5e+06
5e+06
5e+06
5e+06
5e+06
5e+06
5e+06
5e+06
5e+06
5e+06
5e+06
5e+06
5e+06
5e+06
5e+06
5e+06
5e+06
5e+06
5e+06
5e+06
5e+06
5e+06
5e+06
5e+06
5e+06
5e+06
5e+06
5e+06
5e+06
5e+06
5e+06
5e+06
5e+06
5e+06
5e+06
5e+06
5e+06
5e+06
5e+06
5e+06
5e+06
5e+06
5e+06
5e+06
5e+06
5e+06
5e+06
5e+06
5e+06
5e+06
5e+06
5e+06
5e+06
5e+06
5e+06
5e+06
5e+06
5e+06
5e+06
5e+06
5e+06
5e+06
5e+06
5e+06
5e+06
5e+06
5e+06
5e+06
5e+06
5e+06
5e+06
5e+06
5e+06
5e+06
5e+06
5e+06
5e+06
5e+06
5e+06
5e+06
5e+06
5e+06
5e+06
5e+06
5e+06
5e+06
5e+06
5e+06
5e+06
5e+06
5e+06
5e+06
5e+06
5e+06
5e+06
5e+06
5e+06
5e+06
5e+06
5e+06
5e+06
5e+06
5e+06
5e+06
5e+06
5e+06
5e+06
5e+06
5e+06
5e+06
5e+06
5e+06
5e+06
5e+06
5e+06
5e+06
5e+06
5e+06
5e+06
5e+06
5e+06
5e+06
5e+06
5e+06
5e+06
5e+06
5e+06
5e+06
5e+06
5e+06
5e+06
5e+06
5e+06
5e+06
5e+06
5e+06
5e+06
5e+06
5e+06
5e+06
5e+06
5e+06
5e+06
5e+06
5e+06
5e+06
5e+06
5e+06
5e+06
5e+06
5e+06
5e+06
5e+06
5e+06
5e+06
5e+06
5e+06
5e+06
5e+06
5e+06
5e+06
5e+06
5e+06
5e+06
5e+06
5e+06
5e+06
5e+06
5e+06
5e+06
5e+06
5e+06
5e+06
5e+06
5e+06
5e+06
5e+06
5e+06
5e+06
5e+06
5e+06
5e+06
5e+06
5e+06
5e+06
5e+06
5e+06
5e+06
5e+06
5e+06
5e+06
5e+06
5e+06
5e+06
5e+06
5e+06
5e+06
5e+06
5e+06
5e+06
5e+06
5e+06
5e+06
5e+06
5e+06
5e+06
5e+06
5e+06
5e+06
5e+06
5e+06
5e+06
5e+06
5e+06
5e+06
5e+06
5e+06
5e+06
5e+06
5e+06
5e+06
5e+06
5e+06
5e+06
5e+06
5e+06
5e+06
5e+06
5e+06
5e+06
5e+06
5e+06
5e+06
5e+06
5e+06
5e+06
5e+06
5e+06
5e+06
5e+06
5e+06
5e+06
5e+06
5e+06
5e+06
5e+06
5e+06
5e+06
5e+06
5e+06
5e+06
5e+06
5e+06
5e+06
5e+06
5e+06
5e+06
5e+06
5e+06
5e+06
5e+06
5e+06
5e+06
5e+06
5e+06
5e+06
5e+06
5e+06
5e+06
5e+06
5e+06
5e+06
5e+06
5e+06
5e+06
5e+06
5e+06
5e+06
5e+06
5e+06
5e+06
5e+06
5e+06
5e+06
5e+06
5e+06
5e+06
5e+06
5e+06
5e+06
5e+06
5e+06
5e+06
5e+06
5e+06
5e+06
5e+06
5e+06
5e+06
5e+06
5e+06
5e+06
5e+06
5e+06
5e+06
5e+06
5e+06
5e+06
5e+06
5e+06
5e+06
5e+06
5e+06
5e+06
5e+06
5e+06
5e+06
5e+06
5e+06
5e+06
5e+06
5e+06
5e+06
5e+06
5e+06
5e+06
5e+06
5e+06
5e+06
5e+06
5e+06
5e+06
5e+06
5e+06
5e+06
5e+06
5e+06
5e+06
5e+06
5e+06
5e+06
5e+06
5e+06
5e+06
5e+06
5e+06
5e+06
5e+06
5e+06
5e+06
5e+06
5e+06
5e+06
5e+06
5e+06
5e+06
5e+06
5e+06
5e+06
5e+06
5e+06
5e+06
5e+06
5e+06
5e+06
5e+06
5e+06
5e+06
5e+06
5e+06
5e+06
5e+06
5e+06
5e+06
5e+06
5e+06
5e+06
5e+06
5e+06
5e+06
5e+06
5e+06
5e+06
5e+06
5e+06
5e+06
5e+06
5e+06
5e+06
5e+06
5e+06
5e+06
5e+06
5e+06
5e+06
5e+06
5e+06
5e+06
5e+06
5e+06
5e+06
5e+06
5e+06
5e+06
5e+06
5e+06
5e+06
5e+06
5e+06
5e+06
5e+06
5e+06
5e+06
5e+06
5e+06
5e+06
5e+06
5e+06
5e+06
5e+06
5e+06
5e+06
5e+06
5e+06
5e+06
5e+06
5e+06
5e+06
5e+06
5e+06
5e+06
5e+06
5e+06
5e+06
5e+06
5e+06
5e+06
5e+06
5e+06
5e+06
5e+06
5e+06
5e+06
5e+06
5e+06
5e+06
5e+06
5e+06
5e+06
5e+06
5e+06
5e+06
5e+06
5e+06
5e+06
5e+06
5e+06
5e+06
5e+06
5e+06
5e+06
5e+06
4.99999e+06
4.99999e+06
4.99998e+06
4.99997e+06
4.99996e+06
4.99993e+06
4.99989e+06
4.99983e+06
4.99974e+06
4.99961e+06
4.99942e+06
4.99914e+06
4.99875e+06
4.99821e+06
4.99746e+06
4.99647e+06
4.99515e+06
4.99345e+06
4.99127e+06
4.98855e+06
4.98519e+06
4.98114e+06
4.97631e+06
4.97067e+06
4.96419e+06
4.95684e+06
4.94865e+06
4.93966e+06
4.9299e+06
4.91946e+06
4.90842e+06
4.89685e+06
4.88486e+06
4.87251e+06
4.85989e+06
4.84706e+06
4.83408e+06
4.82099e+06
4.80783e+06
4.79461e+06
4.78136e+06
4.7681e+06
4.75482e+06
4.74154e+06
4.72825e+06
4.71497e+06
4.70169e+06
4.68841e+06
4.67513e+06
4.66186e+06
4.64859e+06
4.63532e+06
4.62205e+06
4.60878e+06
4.59552e+06
4.58224e+06
4.56897e+06
4.55569e+06
4.54241e+06
4.52911e+06
4.51581e+06
4.5025e+06
4.48917e+06
4.47583e+06
4.46248e+06
4.4491e+06
4.43571e+06
4.4223e+06
4.40888e+06
4.39542e+06
4.38195e+06
4.36846e+06
4.35494e+06
4.34139e+06
4.32782e+06
4.31423e+06
4.30061e+06
4.28696e+06
4.27328e+06
4.25958e+06
4.24586e+06
4.23211e+06
4.21833e+06
4.20454e+06
4.19073e+06
4.17691e+06
4.16306e+06
4.14921e+06
4.13533e+06
4.12144e+06
4.10754e+06
4.09362e+06
4.07969e+06
4.06574e+06
4.05176e+06
4.03778e+06
4.02376e+06
4.00975e+06
3.99569e+06
3.98162e+06
3.96754e+06
3.95341e+06
3.93932e+06
3.92515e+06
3.91093e+06
3.89674e+06
3.88251e+06
3.86826e+06
3.85402e+06
3.83977e+06
3.82554e+06
3.81139e+06
3.79725e+06
3.78339e+06
)
;

boundaryField
{
    sideLeft
    {
        type            symmetryPlane;
    }
    sideRight
    {
        type            myWaveTransmissive;
        phi             phi.air;
        rho             rho.air;
        psi             thermo:psi.air;
        gamma           1.4;
        fieldInf        100000;
        lInf            10;
        value           uniform 3.7763e+06;
    }
    topbottom
    {
        type            empty;
    }
    frontback
    {
        type            empty;
    }
}


// ************************************************************************* //
