/*--------------------------------*- C++ -*----------------------------------*\
| =========                 |                                                 |
| \\      /  F ield         | OpenFOAM: The Open Source CFD Toolbox           |
|  \\    /   O peration     | Version:  2.4.0                                 |
|   \\  /    A nd           | Web:      www.OpenFOAM.org                      |
|    \\/     M anipulation  |                                                 |
\*---------------------------------------------------------------------------*/
FoamFile
{
    version     2.0;
    format      ascii;
    class       volScalarField;
    location    "0.03";
    object      pMean;
}
// * * * * * * * * * * * * * * * * * * * * * * * * * * * * * * * * * * * * * //

dimensions      [1 -1 -2 0 0 0 0];

internalField   nonuniform List<scalar> 
1000
(
5e+06
5e+06
5e+06
5e+06
5e+06
5e+06
5e+06
5e+06
5e+06
5e+06
5e+06
5e+06
5e+06
5e+06
5e+06
5e+06
5e+06
5e+06
5e+06
5e+06
5e+06
5e+06
5e+06
5e+06
5e+06
5e+06
5e+06
5e+06
5e+06
5e+06
5e+06
5e+06
5e+06
5e+06
5e+06
5e+06
5e+06
5e+06
5e+06
5e+06
5e+06
5e+06
5e+06
5e+06
5e+06
5e+06
5e+06
5e+06
5e+06
5e+06
5e+06
5e+06
5e+06
5e+06
5e+06
5e+06
5e+06
5e+06
5e+06
5e+06
5e+06
5e+06
5e+06
5e+06
5e+06
5e+06
5e+06
5e+06
5e+06
5e+06
5e+06
5e+06
5e+06
5e+06
5e+06
5e+06
5e+06
5e+06
5e+06
5e+06
5e+06
5e+06
5e+06
5e+06
5e+06
5e+06
5e+06
5e+06
5e+06
5e+06
5e+06
5e+06
5e+06
5e+06
5e+06
5e+06
5e+06
5e+06
5e+06
5e+06
5e+06
5e+06
5e+06
5e+06
5e+06
5e+06
5e+06
5e+06
5e+06
5e+06
5e+06
5e+06
5e+06
5e+06
5e+06
5e+06
5e+06
5e+06
5e+06
5e+06
5e+06
5e+06
5e+06
5e+06
5e+06
5e+06
5e+06
5e+06
5e+06
5e+06
5e+06
5e+06
5e+06
5e+06
5e+06
5e+06
5e+06
5e+06
5e+06
5e+06
5e+06
5e+06
5e+06
5e+06
5e+06
5e+06
5e+06
5e+06
5e+06
5e+06
5e+06
5e+06
5e+06
5e+06
5e+06
5e+06
5e+06
5e+06
5e+06
5e+06
5e+06
5e+06
5e+06
5e+06
5e+06
5e+06
5e+06
5e+06
5e+06
5e+06
5e+06
5e+06
5e+06
5e+06
5e+06
5e+06
5e+06
5e+06
5e+06
5e+06
5e+06
5e+06
5e+06
5e+06
5e+06
5e+06
5e+06
5e+06
5e+06
5e+06
5e+06
5e+06
5e+06
5e+06
5e+06
5e+06
5e+06
5e+06
5e+06
5e+06
5e+06
5e+06
5e+06
5e+06
5e+06
5e+06
5e+06
5e+06
5e+06
5e+06
5e+06
5e+06
5e+06
5e+06
5e+06
5e+06
5e+06
5e+06
5e+06
5e+06
5e+06
5e+06
5e+06
5e+06
5e+06
5e+06
5e+06
5e+06
5e+06
5e+06
5e+06
5e+06
5e+06
5e+06
5e+06
5e+06
5e+06
5e+06
5e+06
5e+06
5e+06
5e+06
5e+06
5e+06
5e+06
5e+06
5e+06
5e+06
5e+06
5e+06
5e+06
5e+06
5e+06
5e+06
5e+06
5e+06
5e+06
5e+06
5e+06
5e+06
5e+06
5e+06
5e+06
5e+06
5e+06
5e+06
5e+06
5e+06
5e+06
5e+06
5e+06
5e+06
5e+06
5e+06
5e+06
5e+06
5e+06
5e+06
5e+06
5e+06
5e+06
5e+06
5e+06
5e+06
5e+06
5e+06
5e+06
5e+06
5e+06
5e+06
5e+06
5e+06
5e+06
5e+06
5e+06
5e+06
5e+06
5e+06
5e+06
5e+06
5e+06
5e+06
5e+06
5e+06
5e+06
5e+06
5e+06
5e+06
5e+06
5e+06
5e+06
5e+06
5e+06
5e+06
5e+06
5e+06
5e+06
5e+06
5e+06
5e+06
5e+06
5e+06
5e+06
5e+06
5e+06
5e+06
5e+06
5e+06
5e+06
5e+06
5e+06
5e+06
5e+06
5e+06
5e+06
5e+06
5e+06
5e+06
5e+06
5e+06
5e+06
5e+06
5e+06
5e+06
5e+06
5e+06
5e+06
5e+06
5e+06
5e+06
5e+06
5e+06
5e+06
5e+06
5e+06
5e+06
5e+06
5e+06
5e+06
5e+06
5e+06
5e+06
5e+06
5e+06
5e+06
5e+06
5e+06
5e+06
5e+06
5e+06
5e+06
5e+06
5e+06
5e+06
5e+06
5e+06
5e+06
5e+06
5e+06
5e+06
5e+06
5e+06
5e+06
5e+06
5e+06
5e+06
5e+06
5e+06
5e+06
5e+06
5e+06
5e+06
5e+06
5e+06
5e+06
5e+06
5e+06
5e+06
5e+06
5e+06
5e+06
5e+06
5e+06
5e+06
5e+06
5e+06
5e+06
5e+06
5e+06
5e+06
5e+06
5e+06
5e+06
5e+06
5e+06
5e+06
5e+06
5e+06
5e+06
5e+06
5e+06
5e+06
5e+06
5e+06
5e+06
5e+06
5e+06
5e+06
5e+06
5e+06
5e+06
5e+06
5e+06
5e+06
5e+06
5e+06
5e+06
5e+06
5e+06
5e+06
5e+06
5e+06
5e+06
5e+06
5e+06
5e+06
5e+06
5e+06
5e+06
5e+06
5e+06
5e+06
5e+06
5e+06
5e+06
5e+06
5e+06
5e+06
5e+06
5e+06
5e+06
5e+06
5e+06
5e+06
5e+06
5e+06
5e+06
5e+06
5e+06
5e+06
5e+06
5e+06
5e+06
5e+06
5e+06
5e+06
5e+06
5e+06
5e+06
5e+06
5e+06
5e+06
5e+06
5e+06
5e+06
5e+06
5e+06
5e+06
5e+06
5e+06
5e+06
5e+06
5e+06
5e+06
5e+06
5e+06
5e+06
5e+06
5e+06
5e+06
5e+06
5e+06
5e+06
5e+06
5e+06
5e+06
5e+06
5e+06
5e+06
5e+06
5e+06
5e+06
5e+06
5e+06
5e+06
5e+06
5e+06
5e+06
5e+06
5e+06
5e+06
5e+06
5e+06
5e+06
5e+06
5e+06
5e+06
5e+06
5e+06
5e+06
5e+06
5e+06
5e+06
5e+06
5e+06
5e+06
5e+06
5e+06
5e+06
5e+06
5e+06
5e+06
5e+06
5e+06
5e+06
5e+06
5e+06
5e+06
5e+06
5e+06
5e+06
5e+06
5e+06
5e+06
5e+06
5e+06
5e+06
5e+06
5e+06
5e+06
5e+06
5e+06
5e+06
5e+06
5e+06
5e+06
5e+06
5e+06
5e+06
5e+06
5e+06
5e+06
5e+06
5e+06
5e+06
5e+06
5e+06
5e+06
5e+06
5e+06
5e+06
5e+06
5e+06
5e+06
5e+06
5e+06
5e+06
5e+06
5e+06
5e+06
5e+06
5e+06
5e+06
5e+06
5e+06
5e+06
5e+06
5e+06
5e+06
5e+06
5e+06
5e+06
5e+06
5e+06
5e+06
5e+06
5e+06
5e+06
5e+06
5e+06
5e+06
5e+06
5e+06
5e+06
5e+06
5e+06
5e+06
5e+06
5e+06
5e+06
5e+06
5e+06
5e+06
5e+06
5e+06
5e+06
5e+06
5e+06
5e+06
5e+06
5e+06
5e+06
5e+06
5e+06
5e+06
5e+06
5e+06
5e+06
5e+06
5e+06
5e+06
5e+06
5e+06
5e+06
5e+06
5e+06
5e+06
5e+06
5e+06
5e+06
5e+06
5e+06
5e+06
5e+06
5e+06
5e+06
5e+06
5e+06
5e+06
5e+06
5e+06
5e+06
5e+06
5e+06
5e+06
5e+06
5e+06
5e+06
5e+06
5e+06
5e+06
5e+06
5e+06
5e+06
5e+06
5e+06
5e+06
5e+06
5e+06
5e+06
5e+06
5e+06
5e+06
5e+06
5e+06
5e+06
5e+06
5e+06
5e+06
5e+06
5e+06
5e+06
5e+06
5e+06
5e+06
5e+06
5e+06
5e+06
5e+06
5e+06
5e+06
5e+06
5e+06
5e+06
5e+06
5e+06
5e+06
5e+06
5e+06
5e+06
5e+06
5e+06
5e+06
5e+06
5e+06
5e+06
5e+06
5e+06
5e+06
5e+06
5e+06
5e+06
5e+06
5e+06
5e+06
5e+06
5e+06
5e+06
5e+06
5e+06
5e+06
5e+06
5e+06
5e+06
5e+06
5e+06
5e+06
5e+06
5e+06
5e+06
5e+06
5e+06
5e+06
5e+06
5e+06
5e+06
5e+06
5e+06
5e+06
5e+06
5e+06
5e+06
5e+06
5e+06
5e+06
5e+06
5e+06
5e+06
5e+06
5e+06
5e+06
5e+06
5e+06
5e+06
5e+06
5e+06
5e+06
5e+06
5e+06
5e+06
5e+06
5e+06
5e+06
5e+06
5e+06
5e+06
5e+06
5e+06
5e+06
5e+06
5e+06
5e+06
5e+06
5e+06
5e+06
5e+06
5e+06
5e+06
5e+06
5e+06
5e+06
5e+06
5e+06
5e+06
5e+06
5e+06
5e+06
5e+06
5e+06
5e+06
5e+06
5e+06
5e+06
5e+06
5e+06
5e+06
5e+06
5e+06
5e+06
5e+06
5e+06
5e+06
5e+06
5e+06
5e+06
5e+06
5e+06
5e+06
5e+06
5e+06
5e+06
5e+06
5e+06
5e+06
5e+06
5e+06
5e+06
5e+06
5e+06
5e+06
5e+06
5e+06
5e+06
5e+06
5e+06
5e+06
5e+06
5e+06
5e+06
5e+06
5e+06
5e+06
5e+06
5e+06
5e+06
5e+06
5e+06
5e+06
5e+06
5e+06
5e+06
5e+06
5e+06
5e+06
5e+06
5e+06
5e+06
5e+06
5e+06
5e+06
5e+06
5e+06
5e+06
5e+06
5e+06
5e+06
5e+06
5e+06
5e+06
5e+06
5e+06
5e+06
5e+06
5e+06
5e+06
5e+06
5e+06
5e+06
5e+06
5e+06
5e+06
5e+06
5e+06
5e+06
5e+06
5e+06
5e+06
5e+06
5e+06
5e+06
5e+06
5e+06
5e+06
5e+06
4.99999e+06
4.99999e+06
4.99999e+06
4.99998e+06
4.99997e+06
4.99995e+06
4.99993e+06
4.99989e+06
4.99985e+06
4.99979e+06
4.9997e+06
4.99959e+06
4.99945e+06
4.99927e+06
4.99904e+06
4.99875e+06
4.99839e+06
4.99796e+06
4.99744e+06
4.99683e+06
4.99611e+06
4.99528e+06
4.99433e+06
4.99325e+06
4.99204e+06
4.9907e+06
4.98922e+06
4.98759e+06
4.98582e+06
4.9839e+06
4.98183e+06
4.97962e+06
4.97725e+06
4.97473e+06
4.97206e+06
4.96924e+06
4.96627e+06
4.96315e+06
4.95987e+06
4.95644e+06
4.95285e+06
4.94912e+06
4.94522e+06
4.94118e+06
4.93698e+06
4.93262e+06
4.92811e+06
4.92345e+06
4.91863e+06
4.91365e+06
4.90851e+06
4.90322e+06
4.89777e+06
4.89216e+06
4.88639e+06
4.88046e+06
4.87437e+06
4.86812e+06
4.86171e+06
4.85514e+06
4.8484e+06
4.84151e+06
4.83444e+06
4.82722e+06
4.81982e+06
4.81226e+06
4.80454e+06
4.79664e+06
4.78858e+06
4.78035e+06
4.77194e+06
4.76337e+06
4.75462e+06
4.7457e+06
4.73661e+06
4.72734e+06
4.7179e+06
4.70828e+06
4.69849e+06
4.68852e+06
4.67837e+06
4.66804e+06
4.65753e+06
4.64684e+06
4.63597e+06
4.62491e+06
4.61368e+06
4.60226e+06
4.59065e+06
4.57887e+06
4.56689e+06
4.55473e+06
4.54237e+06
4.52984e+06
4.5171e+06
4.50418e+06
4.49107e+06
4.47777e+06
4.46427e+06
4.45058e+06
4.43669e+06
4.42262e+06
4.40837e+06
4.39396e+06
4.3794e+06
4.36495e+06
)
;

boundaryField
{
    sideLeft
    {
        type            symmetryPlane;
    }
    sideRight
    {
        type            calculated;
        value           uniform 4.35739e+06;
    }
    topbottom
    {
        type            empty;
    }
    frontback
    {
        type            empty;
    }
}


// ************************************************************************* //
