/*--------------------------------*- C++ -*----------------------------------*\
| =========                 |                                                 |
| \\      /  F ield         | OpenFOAM: The Open Source CFD Toolbox           |
|  \\    /   O peration     | Version:  2.4.0                                 |
|   \\  /    A nd           | Web:      www.OpenFOAM.org                      |
|    \\/     M anipulation  |                                                 |
\*---------------------------------------------------------------------------*/
FoamFile
{
    version     2.0;
    format      ascii;
    class       volScalarField;
    location    "0.04";
    object      pMean;
}
// * * * * * * * * * * * * * * * * * * * * * * * * * * * * * * * * * * * * * //

dimensions      [1 -1 -2 0 0 0 0];

internalField   nonuniform List<scalar> 
1000
(
5e+06
5e+06
5e+06
5e+06
5e+06
5e+06
5e+06
5e+06
5e+06
5e+06
5e+06
5e+06
5e+06
5e+06
5e+06
5e+06
5e+06
5e+06
5e+06
5e+06
5e+06
5e+06
5e+06
5e+06
5e+06
5e+06
5e+06
5e+06
5e+06
5e+06
5e+06
5e+06
5e+06
5e+06
5e+06
5e+06
5e+06
5e+06
5e+06
5e+06
5e+06
5e+06
5e+06
5e+06
5e+06
5e+06
5e+06
5e+06
5e+06
5e+06
5e+06
5e+06
5e+06
5e+06
5e+06
5e+06
5e+06
5e+06
5e+06
5e+06
5e+06
5e+06
5e+06
5e+06
5e+06
5e+06
5e+06
5e+06
5e+06
5e+06
5e+06
5e+06
5e+06
5e+06
5e+06
5e+06
5e+06
5e+06
5e+06
5e+06
5e+06
5e+06
5e+06
5e+06
5e+06
5e+06
5e+06
5e+06
5e+06
5e+06
5e+06
5e+06
5e+06
5e+06
5e+06
5e+06
5e+06
5e+06
5e+06
5e+06
5e+06
5e+06
5e+06
5e+06
5e+06
5e+06
5e+06
5e+06
5e+06
5e+06
5e+06
5e+06
5e+06
5e+06
5e+06
5e+06
5e+06
5e+06
5e+06
5e+06
5e+06
5e+06
5e+06
5e+06
5e+06
5e+06
5e+06
5e+06
5e+06
5e+06
5e+06
5e+06
5e+06
5e+06
5e+06
5e+06
5e+06
5e+06
5e+06
5e+06
5e+06
5e+06
5e+06
5e+06
5e+06
5e+06
5e+06
5e+06
5e+06
5e+06
5e+06
5e+06
5e+06
5e+06
5e+06
5e+06
5e+06
5e+06
5e+06
5e+06
5e+06
5e+06
5e+06
5e+06
5e+06
5e+06
5e+06
5e+06
5e+06
5e+06
5e+06
5e+06
5e+06
5e+06
5e+06
5e+06
5e+06
5e+06
5e+06
5e+06
5e+06
5e+06
5e+06
5e+06
5e+06
5e+06
5e+06
5e+06
5e+06
5e+06
5e+06
5e+06
5e+06
5e+06
5e+06
5e+06
5e+06
5e+06
5e+06
5e+06
5e+06
5e+06
5e+06
5e+06
5e+06
5e+06
5e+06
5e+06
5e+06
5e+06
5e+06
5e+06
5e+06
5e+06
5e+06
5e+06
5e+06
5e+06
5e+06
5e+06
5e+06
5e+06
5e+06
5e+06
5e+06
5e+06
5e+06
5e+06
5e+06
5e+06
5e+06
5e+06
5e+06
5e+06
5e+06
5e+06
5e+06
5e+06
5e+06
5e+06
5e+06
5e+06
5e+06
5e+06
5e+06
5e+06
5e+06
5e+06
5e+06
5e+06
5e+06
5e+06
5e+06
5e+06
5e+06
5e+06
5e+06
5e+06
5e+06
5e+06
5e+06
5e+06
5e+06
5e+06
5e+06
5e+06
5e+06
5e+06
5e+06
5e+06
5e+06
5e+06
5e+06
5e+06
5e+06
5e+06
5e+06
5e+06
5e+06
5e+06
5e+06
5e+06
5e+06
5e+06
5e+06
5e+06
5e+06
5e+06
5e+06
5e+06
5e+06
5e+06
5e+06
5e+06
5e+06
5e+06
5e+06
5e+06
5e+06
5e+06
5e+06
5e+06
5e+06
5e+06
5e+06
5e+06
5e+06
5e+06
5e+06
5e+06
5e+06
5e+06
5e+06
5e+06
5e+06
5e+06
5e+06
5e+06
5e+06
5e+06
5e+06
5e+06
5e+06
5e+06
5e+06
5e+06
5e+06
5e+06
5e+06
5e+06
5e+06
5e+06
5e+06
5e+06
5e+06
5e+06
5e+06
5e+06
5e+06
5e+06
5e+06
5e+06
5e+06
5e+06
5e+06
5e+06
5e+06
5e+06
5e+06
5e+06
5e+06
5e+06
5e+06
5e+06
5e+06
5e+06
5e+06
5e+06
5e+06
5e+06
5e+06
5e+06
5e+06
5e+06
5e+06
5e+06
5e+06
5e+06
5e+06
5e+06
5e+06
5e+06
5e+06
5e+06
5e+06
5e+06
5e+06
5e+06
5e+06
5e+06
5e+06
5e+06
5e+06
5e+06
5e+06
5e+06
5e+06
5e+06
5e+06
5e+06
5e+06
5e+06
5e+06
5e+06
5e+06
5e+06
5e+06
5e+06
5e+06
5e+06
5e+06
5e+06
5e+06
5e+06
5e+06
5e+06
5e+06
5e+06
5e+06
5e+06
5e+06
5e+06
5e+06
5e+06
5e+06
5e+06
5e+06
5e+06
5e+06
5e+06
5e+06
5e+06
5e+06
5e+06
5e+06
5e+06
5e+06
5e+06
5e+06
5e+06
5e+06
5e+06
5e+06
5e+06
5e+06
5e+06
5e+06
5e+06
5e+06
5e+06
5e+06
5e+06
5e+06
5e+06
5e+06
5e+06
5e+06
5e+06
5e+06
5e+06
5e+06
5e+06
5e+06
5e+06
5e+06
5e+06
5e+06
5e+06
5e+06
5e+06
5e+06
5e+06
5e+06
5e+06
5e+06
5e+06
5e+06
5e+06
5e+06
5e+06
5e+06
5e+06
5e+06
5e+06
5e+06
5e+06
5e+06
5e+06
5e+06
5e+06
5e+06
5e+06
5e+06
5e+06
5e+06
5e+06
5e+06
5e+06
5e+06
5e+06
5e+06
5e+06
5e+06
5e+06
5e+06
5e+06
5e+06
5e+06
5e+06
5e+06
5e+06
5e+06
5e+06
5e+06
5e+06
5e+06
5e+06
5e+06
5e+06
5e+06
5e+06
5e+06
5e+06
5e+06
5e+06
5e+06
5e+06
5e+06
5e+06
5e+06
5e+06
5e+06
5e+06
5e+06
5e+06
5e+06
5e+06
5e+06
5e+06
5e+06
5e+06
5e+06
5e+06
5e+06
5e+06
5e+06
5e+06
5e+06
5e+06
5e+06
5e+06
5e+06
5e+06
5e+06
5e+06
5e+06
5e+06
5e+06
5e+06
5e+06
5e+06
5e+06
5e+06
5e+06
5e+06
5e+06
5e+06
5e+06
5e+06
5e+06
5e+06
5e+06
5e+06
5e+06
5e+06
5e+06
5e+06
5e+06
5e+06
5e+06
5e+06
5e+06
5e+06
5e+06
5e+06
5e+06
5e+06
5e+06
5e+06
5e+06
5e+06
5e+06
5e+06
5e+06
5e+06
5e+06
5e+06
5e+06
5e+06
5e+06
5e+06
5e+06
5e+06
5e+06
5e+06
5e+06
5e+06
5e+06
5e+06
5e+06
5e+06
5e+06
5e+06
5e+06
5e+06
5e+06
5e+06
5e+06
5e+06
5e+06
5e+06
5e+06
5e+06
5e+06
5e+06
5e+06
5e+06
5e+06
5e+06
5e+06
5e+06
5e+06
5e+06
5e+06
5e+06
5e+06
5e+06
5e+06
5e+06
5e+06
5e+06
5e+06
5e+06
5e+06
5e+06
5e+06
5e+06
5e+06
5e+06
5e+06
5e+06
5e+06
5e+06
5e+06
5e+06
5e+06
5e+06
5e+06
5e+06
5e+06
5e+06
5e+06
5e+06
5e+06
5e+06
5e+06
5e+06
5e+06
5e+06
5e+06
5e+06
5e+06
5e+06
5e+06
5e+06
5e+06
5e+06
5e+06
5e+06
5e+06
5e+06
5e+06
5e+06
5e+06
5e+06
5e+06
5e+06
5e+06
5e+06
5e+06
5e+06
5e+06
5e+06
5e+06
5e+06
5e+06
5e+06
5e+06
5e+06
5e+06
5e+06
5e+06
5e+06
5e+06
5e+06
5e+06
5e+06
5e+06
5e+06
5e+06
5e+06
5e+06
5e+06
5e+06
5e+06
5e+06
5e+06
5e+06
5e+06
5e+06
5e+06
5e+06
5e+06
5e+06
5e+06
5e+06
5e+06
5e+06
5e+06
5e+06
5e+06
5e+06
5e+06
5e+06
5e+06
5e+06
5e+06
5e+06
5e+06
5e+06
5e+06
5e+06
5e+06
5e+06
5e+06
5e+06
5e+06
5e+06
5e+06
5e+06
5e+06
5e+06
5e+06
5e+06
5e+06
5e+06
5e+06
5e+06
5e+06
5e+06
5e+06
5e+06
5e+06
5e+06
5e+06
5e+06
5e+06
5e+06
5e+06
5e+06
5e+06
5e+06
5e+06
5e+06
5e+06
5e+06
5e+06
5e+06
5e+06
5e+06
5e+06
5e+06
5e+06
5e+06
5e+06
5e+06
5e+06
5e+06
5e+06
5e+06
5e+06
5e+06
5e+06
5e+06
5e+06
5e+06
5e+06
5e+06
5e+06
5e+06
5e+06
5e+06
5e+06
5e+06
5e+06
5e+06
5e+06
5e+06
5e+06
5e+06
5e+06
5e+06
5e+06
5e+06
5e+06
5e+06
5e+06
5e+06
5e+06
5e+06
5e+06
5e+06
5e+06
5e+06
5e+06
5e+06
5e+06
5e+06
5e+06
5e+06
5e+06
5e+06
5e+06
5e+06
5e+06
5e+06
5e+06
5e+06
5e+06
5e+06
5e+06
5e+06
5e+06
5e+06
5e+06
5e+06
5e+06
5e+06
5e+06
5e+06
5e+06
5e+06
5e+06
5e+06
5e+06
5e+06
5e+06
5e+06
5e+06
5e+06
5e+06
5e+06
5e+06
5e+06
5e+06
5e+06
5e+06
5e+06
5e+06
5e+06
5e+06
5e+06
4.99999e+06
4.99999e+06
4.99999e+06
4.99998e+06
4.99997e+06
4.99996e+06
4.99994e+06
4.99992e+06
4.99988e+06
4.99984e+06
4.99979e+06
4.99972e+06
4.99963e+06
4.99951e+06
4.99937e+06
4.9992e+06
4.99898e+06
4.99873e+06
4.99842e+06
4.99805e+06
4.99763e+06
4.99714e+06
4.99657e+06
4.99593e+06
4.99521e+06
4.9944e+06
4.9935e+06
4.9925e+06
4.99141e+06
4.99022e+06
4.98893e+06
4.98753e+06
4.98604e+06
4.98444e+06
4.98273e+06
4.98092e+06
4.979e+06
4.97698e+06
4.97484e+06
4.97261e+06
4.97026e+06
4.96781e+06
4.96524e+06
4.96257e+06
4.9598e+06
4.95691e+06
4.95392e+06
4.95081e+06
4.9476e+06
4.94428e+06
4.94085e+06
4.93731e+06
4.93366e+06
4.92991e+06
4.92604e+06
4.92206e+06
4.91797e+06
4.91376e+06
4.90945e+06
4.90503e+06
4.90049e+06
4.89584e+06
4.89108e+06
4.8862e+06
4.88122e+06
4.87611e+06
4.8709e+06
4.86556e+06
4.86012e+06
4.85456e+06
4.84888e+06
4.84308e+06
4.83717e+06
4.83114e+06
4.82499e+06
4.81873e+06
4.81234e+06
4.80584e+06
4.79922e+06
4.79247e+06
4.78561e+06
4.77862e+06
4.77151e+06
4.76428e+06
4.75693e+06
4.74945e+06
4.74185e+06
4.73413e+06
4.72628e+06
4.7183e+06
4.71021e+06
4.70198e+06
4.69363e+06
4.68515e+06
4.67655e+06
4.66781e+06
4.65895e+06
4.64996e+06
4.64084e+06
4.63159e+06
4.6222e+06
4.61269e+06
4.60305e+06
4.59327e+06
4.58336e+06
4.57332e+06
4.56314e+06
4.55283e+06
4.54238e+06
4.53179e+06
4.52107e+06
4.51021e+06
4.49922e+06
4.48808e+06
4.47681e+06
4.4654e+06
4.45384e+06
4.44215e+06
4.43031e+06
4.41834e+06
4.40622e+06
4.39395e+06
4.38154e+06
4.36899e+06
4.35629e+06
4.34345e+06
4.33046e+06
4.31732e+06
4.30404e+06
4.29061e+06
4.27703e+06
4.2633e+06
4.24943e+06
4.23543e+06
4.22129e+06
4.20707e+06
4.19272e+06
4.17852e+06
)
;

boundaryField
{
    sideLeft
    {
        type            symmetryPlane;
    }
    sideRight
    {
        type            calculated;
        value           uniform 4.17111e+06;
    }
    topbottom
    {
        type            empty;
    }
    frontback
    {
        type            empty;
    }
}


// ************************************************************************* //
