/*--------------------------------*- C++ -*----------------------------------*\
| =========                 |                                                 |
| \\      /  F ield         | OpenFOAM: The Open Source CFD Toolbox           |
|  \\    /   O peration     | Version:  2.4.0                                 |
|   \\  /    A nd           | Web:      www.OpenFOAM.org                      |
|    \\/     M anipulation  |                                                 |
\*---------------------------------------------------------------------------*/
FoamFile
{
    version     2.0;
    format      ascii;
    class       volVectorField;
    location    "0.01";
    object      Ur;
}
// * * * * * * * * * * * * * * * * * * * * * * * * * * * * * * * * * * * * * //

dimensions      [0 1 -1 0 0 0 0];

internalField   nonuniform List<vector> 
1000
(
(3.55271e-14 0 0)
(-7.10542e-15 0 0)
(1.6719e-21 0 0)
(4.26326e-14 0 0)
(-3.55271e-14 0 0)
(-1.98503e-21 0 0)
(1.42109e-14 0 0)
(-2.84217e-14 0 0)
(-1.40005e-21 0 0)
(2.84217e-14 0 0)
(1.56045e-21 0 0)
(-3.55271e-14 0 0)
(-7.10543e-15 0 0)
(-2.84217e-14 0 0)
(7.10543e-15 0 0)
(3.55271e-14 0 0)
(3.55271e-14 0 0)
(5.68434e-14 0 0)
(2.84217e-14 0 0)
(-4.9738e-14 0 0)
(-3.55271e-14 0 0)
(-6.39488e-14 0 0)
(-4.9738e-14 0 0)
(9.23706e-14 0 0)
(3.55271e-14 0 0)
(-3.55271e-14 0 0)
(6.39488e-14 0 0)
(2.84217e-14 0 0)
(-7.10543e-14 0 0)
(-2.13163e-14 0 0)
(1.42109e-14 0 0)
(7.10543e-15 0 0)
(-2.13163e-14 0 0)
(-2.13163e-14 0 0)
(-2.23784e-21 0 0)
(2.84217e-14 0 0)
(2.84217e-14 0 0)
(1.46956e-21 0 0)
(1.42109e-14 0 0)
(2.84217e-14 0 0)
(-6.26084e-22 0 0)
(-5.68434e-14 0 0)
(-7.10543e-14 0 0)
(1.58686e-21 0 0)
(-7.29849e-22 0 0)
(-3.55271e-14 0 0)
(4.9738e-14 0 0)
(9.9476e-14 0 0)
(-4.9738e-14 0 0)
(-6.39488e-14 0 0)
(4.9738e-14 0 0)
(2.84217e-14 0 0)
(-9.23706e-14 0 0)
(-1.13687e-13 0 0)
(4.9738e-14 0 0)
(7.81597e-14 0 0)
(-1.42109e-14 0 0)
(-1.51884e-22 0 0)
(-4.9738e-14 0 0)
(2.84217e-14 0 0)
(7.81597e-14 0 0)
(-2.13163e-14 0 0)
(-4.9738e-14 0 0)
(1.85303e-22 0 0)
(-1.42109e-14 0 0)
(7.10543e-15 0 0)
(3.55271e-14 0 0)
(-4.26326e-14 0 0)
(1.42109e-14 0 0)
(4.9738e-14 0 0)
(7.10543e-14 0 0)
(-2.13163e-14 0 0)
(-6.39488e-14 0 0)
(7.10543e-15 0 0)
(-2.13163e-14 0 0)
(-7.10543e-15 0 0)
(1.42109e-14 0 0)
(-1.42109e-14 0 0)
(-4.26326e-14 0 0)
(1.42109e-14 0 0)
(7.10543e-15 0 0)
(5.68434e-14 0 0)
(4.9738e-14 0 0)
(-7.81597e-14 0 0)
(7.10543e-15 0 0)
(2.84217e-14 0 0)
(-2.13163e-14 0 0)
(-7.10543e-15 0 0)
(2.41328e-21 0 0)
(-7.10543e-15 0 0)
(-5.68434e-14 0 0)
(7.10543e-15 0 0)
(9.23706e-14 0 0)
(2.13163e-14 0 0)
(-7.10543e-15 0 0)
(8.38457e-22 0 0)
(-1.42109e-14 0 0)
(-7.10543e-15 0 0)
(7.10543e-15 0 0)
(3.55271e-14 0 0)
(7.10543e-15 0 0)
(-3.55271e-14 0 0)
(-7.10543e-15 0 0)
(-3.55271e-14 0 0)
(-7.10543e-15 0 0)
(1.42109e-14 0 0)
(3.55271e-14 0 0)
(7.10543e-14 0 0)
(-4.26326e-14 0 0)
(-5.68434e-14 0 0)
(-1.42109e-14 0 0)
(2.84217e-14 0 0)
(6.39488e-14 0 0)
(3.55271e-14 0 0)
(-5.68434e-14 0 0)
(-6.39488e-14 0 0)
(3.55271e-14 0 0)
(1.42109e-14 0 0)
(-1.42109e-14 0 0)
(-7.10543e-15 0 0)
(1.42109e-14 0 0)
(4.9738e-14 0 0)
(7.10543e-15 0 0)
(-2.13163e-14 0 0)
(-4.26326e-14 0 0)
(-3.55271e-14 0 0)
(3.55271e-14 0 0)
(4.9738e-14 0 0)
(-2.13163e-14 0 0)
(-4.26326e-14 0 0)
(7.10542e-15 0 0)
(-2.13163e-14 0 0)
(4.26326e-14 0 0)
(4.26326e-14 0 0)
(-9.9476e-14 0 0)
(-7.10543e-15 0 0)
(4.9738e-14 0 0)
(1.42109e-14 0 0)
(-1.42109e-14 0 0)
(-4.26326e-14 0 0)
(2.84217e-14 0 0)
(1.42109e-14 0 0)
(4.9738e-14 0 0)
(2.13163e-14 0 0)
(-7.10543e-14 0 0)
(-4.26326e-14 0 0)
(2.84217e-14 0 0)
(5.68434e-14 0 0)
(-1.42109e-14 0 0)
(7.61095e-22 0 0)
(7.10543e-15 0 0)
(2.13163e-14 0 0)
(-5.68434e-14 0 0)
(1.38234e-21 0 0)
(2.13163e-14 0 0)
(-6.39488e-14 0 0)
(4.9738e-14 0 0)
(-2.84217e-14 0 0)
(-5.68434e-14 0 0)
(7.10543e-14 0 0)
(7.10543e-15 0 0)
(-6.39488e-14 0 0)
(2.13163e-14 0 0)
(1.04298e-21 0 0)
(-1.42109e-14 0 0)
(-2.13163e-14 0 0)
(-7.10543e-15 0 0)
(-4.26326e-14 0 0)
(2.13163e-14 0 0)
(8.52651e-14 0 0)
(-2.13163e-14 0 0)
(-1.42109e-14 0 0)
(-2.64838e-22 0 0)
(1.42109e-14 0 0)
(1.42109e-14 0 0)
(-1.42109e-14 0 0)
(-2.13163e-14 0 0)
(-2.84217e-14 0 0)
(1.04231e-21 0 0)
(1.42109e-14 0 0)
(3.55271e-14 0 0)
(1.42109e-14 0 0)
(2.22998e-21 0 0)
(7.10543e-15 0 0)
(-1.42109e-14 0 0)
(-1.88711e-21 0 0)
(4.9738e-14 0 0)
(2.84217e-14 0 0)
(-6.39488e-14 0 0)
(-7.10543e-15 0 0)
(3.55271e-14 0 0)
(-5.68434e-14 0 0)
(-1.42109e-14 0 0)
(7.10543e-14 0 0)
(1.449e-21 0 0)
(-7.10543e-14 0 0)
(-3.55271e-14 0 0)
(3.55271e-14 0 0)
(-2.84217e-14 0 0)
(-1.42109e-14 0 0)
(2.84217e-14 0 0)
(4.26326e-14 0 0)
(7.10543e-15 0 0)
(-2.20568e-23 0 0)
(6.39488e-14 0 0)
(-4.9738e-14 0 0)
(-8.52651e-14 0 0)
(-1.73306e-21 0 0)
(4.26326e-14 0 0)
(-1.42109e-14 0 0)
(-6.39488e-14 0 0)
(2.84217e-14 0 0)
(5.68434e-14 0 0)
(5.67271e-22 0 0)
(4.19405e-23 0 0)
(-1.42109e-14 0 0)
(7.10543e-15 0 0)
(7.10543e-15 0 0)
(-7.10543e-15 0 0)
(3.55271e-14 0 0)
(7.81597e-14 0 0)
(-4.9738e-14 0 0)
(-9.9476e-14 0 0)
(-2.13163e-14 0 0)
(-1.88996e-21 0 0)
(5.68434e-14 0 0)
(1.42109e-14 0 0)
(7.10543e-15 0 0)
(-6.36111e-22 0 0)
(-7.10543e-14 0 0)
(-7.10543e-15 0 0)
(2.13163e-14 0 0)
(1.42109e-14 0 0)
(2.84217e-14 0 0)
(-2.13163e-14 0 0)
(-7.10543e-15 0 0)
(2.13163e-14 0 0)
(-2.13163e-14 0 0)
(-3.55271e-14 0 0)
(-7.10543e-15 0 0)
(3.55271e-14 0 0)
(5.68434e-14 0 0)
(-6.12052e-22 0 0)
(-1.42109e-14 0 0)
(1.42109e-14 0 0)
(2.2223e-22 0 0)
(-1.42109e-14 0 0)
(-1.42109e-14 0 0)
(-1.94961e-21 0 0)
(7.10543e-15 0 0)
(-5.68434e-14 0 0)
(-7.10543e-14 0 0)
(5.68434e-14 0 0)
(9.9476e-14 0 0)
(-1.42109e-14 0 0)
(-7.81597e-14 0 0)
(-7.10543e-15 0 0)
(4.9738e-14 0 0)
(-7.10543e-15 0 0)
(-5.68434e-14 0 0)
(-2.13163e-14 0 0)
(4.26326e-14 0 0)
(2.13163e-14 0 0)
(-1.42109e-14 0 0)
(-3.55271e-14 0 0)
(-4.26326e-14 0 0)
(2.13163e-14 0 0)
(-7.10543e-15 0 0)
(7.10543e-15 0 0)
(2.13163e-14 0 0)
(-2.84217e-14 0 0)
(5.68434e-14 0 0)
(1.42109e-14 0 0)
(-2.84217e-14 0 0)
(5.68434e-14 0 0)
(3.55271e-14 0 0)
(-1.35003e-13 0 0)
(-1.42109e-14 0 0)
(1.13687e-13 0 0)
(-2.84217e-14 0 0)
(-1.42109e-14 0 0)
(-7.10543e-15 0 0)
(-7.81597e-14 0 0)
(7.10543e-15 0 0)
(5.68434e-14 0 0)
(4.9738e-14 0 0)
(1.42109e-14 0 0)
(-4.9738e-14 0 0)
(1.06002e-21 0 0)
(7.10543e-15 0 0)
(-9.9476e-14 0 0)
(-2.84217e-14 0 0)
(9.23706e-14 0 0)
(4.9738e-14 0 0)
(-1.42109e-14 0 0)
(-9.9476e-14 0 0)
(-7.10543e-15 0 0)
(4.26326e-14 0 0)
(-6.39488e-14 0 0)
(1.42109e-14 0 0)
(4.9738e-14 0 0)
(-2.84217e-14 0 0)
(-7.10542e-15 0 0)
(-1.42109e-14 0 0)
(5.68434e-14 0 0)
(2.84217e-14 0 0)
(-1.42109e-14 0 0)
(4.26326e-14 0 0)
(7.10543e-15 0 0)
(-4.26326e-14 0 0)
(-3.55271e-14 0 0)
(2.84217e-14 0 0)
(4.26326e-14 0 0)
(3.55271e-14 0 0)
(1.42109e-14 0 0)
(-4.26326e-14 0 0)
(-4.26326e-14 0 0)
(-5.02606e-22 0 0)
(-7.10543e-15 0 0)
(-7.10543e-15 0 0)
(-1.42109e-14 0 0)
(7.10543e-15 0 0)
(2.84217e-14 0 0)
(1.5917e-21 0 0)
(2.13163e-14 0 0)
(-1.42109e-14 0 0)
(-5.68434e-14 0 0)
(5.68434e-14 0 0)
(4.26326e-14 0 0)
(-4.9738e-14 0 0)
(2.13163e-14 0 0)
(4.9738e-14 0 0)
(-4.26326e-14 0 0)
(-7.10543e-14 0 0)
(1.42109e-14 0 0)
(4.26326e-14 0 0)
(3.55271e-14 0 0)
(-3.55271e-14 0 0)
(-7.81597e-14 0 0)
(7.10543e-15 0 0)
(1.42109e-14 0 0)
(-1.42109e-14 0 0)
(-3.55271e-14 0 0)
(1.42109e-14 0 0)
(4.9738e-14 0 0)
(-2.84217e-14 0 0)
(-1.42109e-14 0 0)
(-1.4064e-21 0 0)
(-2.13163e-14 0 0)
(-2.13163e-14 0 0)
(5.68434e-14 0 0)
(7.10543e-15 0 0)
(-1.06581e-13 0 0)
(2.13163e-14 0 0)
(7.10543e-14 0 0)
(7.10543e-15 0 0)
(2.84217e-14 0 0)
(2.84217e-14 0 0)
(-6.39488e-14 0 0)
(-7.81597e-14 0 0)
(6.39488e-14 0 0)
(1.42109e-13 0 0)
(3.12241e-21 0 0)
(-1.13687e-13 0 0)
(-5.68434e-14 0 0)
(1.42109e-14 0 0)
(-5.68434e-14 0 0)
(-3.55271e-14 0 0)
(6.39488e-14 0 0)
(6.39488e-14 0 0)
(5.68434e-14 0 0)
(-3.55271e-14 0 0)
(-4.9738e-14 0 0)
(7.81597e-14 0 0)
(2.13163e-14 0 0)
(-2.84217e-14 0 0)
(-1.42109e-14 0 0)
(-2.13163e-14 0 0)
(2.13163e-14 0 0)
(-1.42109e-14 0 0)
(-3.55271e-14 0 0)
(-4.50141e-22 0 0)
(2.84217e-14 0 0)
(-7.10543e-15 0 0)
(-6.39488e-14 0 0)
(2.13163e-14 0 0)
(3.55271e-14 0 0)
(-4.26326e-14 0 0)
(4.9738e-14 0 0)
(2.84217e-14 0 0)
(-3.55271e-14 0 0)
(2.84217e-14 0 0)
(7.10543e-15 0 0)
(-4.9738e-14 0 0)
(-7.10543e-15 0 0)
(1.42109e-14 0 0)
(-7.10543e-15 0 0)
(7.10543e-15 0 0)
(1.42109e-14 0 0)
(-7.10543e-15 0 0)
(2.84217e-14 0 0)
(4.9738e-14 0 0)
(1.42109e-14 0 0)
(5.31011e-22 0 0)
(-4.26326e-14 0 0)
(-6.39488e-14 0 0)
(-2.84217e-14 0 0)
(4.26326e-14 0 0)
(2.13163e-14 0 0)
(7.10543e-15 0 0)
(-2.13163e-14 0 0)
(-7.81597e-14 0 0)
(2.13163e-14 0 0)
(4.9738e-14 0 0)
(-1.42109e-14 0 0)
(-3.55271e-14 0 0)
(-7.10543e-15 0 0)
(-3.55271e-14 0 0)
(1.04715e-21 0 0)
(5.68434e-14 0 0)
(2.84217e-14 0 0)
(-1.42109e-14 0 0)
(-1.42109e-14 0 0)
(6.39488e-14 0 0)
(6.39488e-14 0 0)
(-8.52651e-14 0 0)
(-4.9738e-14 0 0)
(9.23706e-14 0 0)
(1.42109e-14 0 0)
(-5.68434e-14 0 0)
(-4.26326e-14 0 0)
(7.10543e-15 0 0)
(2.13163e-14 0 0)
(3.55271e-14 0 0)
(2.13163e-14 0 0)
(-3.55271e-14 0 0)
(-2.84217e-14 0 0)
(-2.84217e-14 0 0)
(-2.13163e-14 0 0)
(-7.10543e-15 0 0)
(-9.58428e-22 0 0)
(3.55271e-14 0 0)
(9.23706e-14 0 0)
(7.10543e-14 0 0)
(-4.9738e-14 0 0)
(-3.55271e-14 0 0)
(-2.13163e-14 0 0)
(-4.26326e-14 0 0)
(-7.10543e-15 0 0)
(5.68434e-14 0 0)
(7.10543e-14 0 0)
(7.10543e-15 0 0)
(-3.55271e-14 0 0)
(-2.84217e-14 0 0)
(-1.3028e-21 0 0)
(2.47795e-22 0 0)
(7.10543e-15 0 0)
(7.10543e-15 0 0)
(1.42109e-14 0 0)
(-9.23706e-14 0 0)
(-4.9738e-14 0 0)
(8.52651e-14 0 0)
(2.84217e-14 0 0)
(-1.42109e-14 0 0)
(-6.39488e-14 0 0)
(-1.42109e-14 0 0)
(7.10542e-15 0 0)
(2.13163e-14 0 0)
(6.39488e-14 0 0)
(5.53054e-23 0 0)
(-1.42109e-14 0 0)
(2.13163e-14 0 0)
(2.13163e-14 0 0)
(-4.9738e-14 0 0)
(-6.39488e-14 0 0)
(-7.10543e-15 0 0)
(7.10543e-15 0 0)
(4.9738e-14 0 0)
(8.52651e-14 0 0)
(-4.26326e-14 0 0)
(-4.9738e-14 0 0)
(1.42109e-14 0 0)
(-1.42109e-14 0 0)
(2.84217e-14 0 0)
(-2.13163e-14 0 0)
(-1.42109e-14 0 0)
(-4.70692e-22 0 0)
(-2.13163e-14 0 0)
(5.68434e-14 0 0)
(2.84217e-14 0 0)
(-2.84217e-14 0 0)
(4.9738e-14 0 0)
(1.29863e-21 0 0)
(-1.13687e-13 0 0)
(3.55271e-14 0 0)
(7.10543e-14 0 0)
(-2.13163e-14 0 0)
(-2.13163e-14 0 0)
(1.42109e-14 0 0)
(7.10543e-14 0 0)
(2.13163e-14 0 0)
(-3.55271e-14 0 0)
(-4.9738e-14 0 0)
(-2.13163e-14 0 0)
(-4.26326e-14 0 0)
(-3.55271e-14 0 0)
(-7.10543e-15 0 0)
(-2.84217e-14 0 0)
(4.26326e-14 0 0)
(4.26326e-14 0 0)
(7.10543e-15 0 0)
(-7.10543e-15 0 0)
(-1.42109e-14 0 0)
(-1.42109e-14 0 0)
(-7.10543e-15 0 0)
(3.55271e-14 0 0)
(-7.10543e-15 0 0)
(-6.39488e-14 0 0)
(-1.60807e-21 0 0)
(2.13163e-14 0 0)
(4.9738e-14 0 0)
(8.52651e-14 0 0)
(4.9738e-14 0 0)
(-1.13687e-13 0 0)
(-1.06581e-13 0 0)
(4.26326e-14 0 0)
(4.26326e-14 0 0)
(2.13163e-14 0 0)
(-7.10543e-15 0 0)
(2.13163e-14 0 0)
(-1.42109e-14 0 0)
(-4.26326e-14 0 0)
(-1.42109e-14 0 0)
(-7.10543e-15 0 0)
(1.42109e-14 0 0)
(4.9738e-14 0 0)
(2.84217e-14 0 0)
(-3.55271e-14 0 0)
(-2.84217e-14 0 0)
(-7.10543e-15 0 0)
(-4.26326e-14 0 0)
(-2.84217e-14 0 0)
(4.9738e-14 0 0)
(3.55271e-14 0 0)
(-4.9738e-14 0 0)
(2.13163e-14 0 0)
(5.68434e-14 0 0)
(7.10543e-15 0 0)
(-3.55271e-14 0 0)
(-4.26326e-14 0 0)
(-7.10543e-15 0 0)
(-7.10543e-14 0 0)
(-6.39488e-14 0 0)
(1.42109e-14 0 0)
(5.68434e-14 0 0)
(1.42109e-14 0 0)
(-7.10543e-15 0 0)
(1.42109e-14 0 0)
(2.13163e-14 0 0)
(8.52651e-14 0 0)
(3.55271e-14 0 0)
(-7.10543e-14 0 0)
(-4.26326e-14 0 0)
(-2.13163e-14 0 0)
(2.13163e-14 0 0)
(4.9738e-14 0 0)
(-3.55271e-14 0 0)
(-1.42109e-14 0 0)
(-1.42109e-14 0 0)
(-1.42109e-14 0 0)
(2.84217e-14 0 0)
(4.9738e-14 0 0)
(2.13163e-14 0 0)
(-5.68434e-14 0 0)
(-3.55271e-14 0 0)
(2.84217e-14 0 0)
(4.9738e-14 0 0)
(-4.26326e-14 0 0)
(2.84217e-14 0 0)
(3.55271e-14 0 0)
(-9.23706e-14 0 0)
(-7.10543e-15 0 0)
(6.39488e-14 0 0)
(7.10543e-15 0 0)
(-6.39488e-14 0 0)
(-4.26326e-14 0 0)
(2.84217e-14 0 0)
(-4.26326e-14 0 0)
(-2.13163e-14 0 0)
(-2.13163e-14 0 0)
(-4.204e-22 0 0)
(6.39488e-14 0 0)
(-4.26326e-14 0 0)
(-4.9738e-14 0 0)
(2.13163e-14 0 0)
(4.26326e-14 0 0)
(7.10543e-15 0 0)
(2.84217e-14 0 0)
(4.26326e-14 0 0)
(2.84217e-14 0 0)
(-5.68434e-14 0 0)
(-4.9738e-14 0 0)
(-1.42109e-14 0 0)
(-2.13163e-14 0 0)
(6.39488e-14 0 0)
(4.26326e-14 0 0)
(2.13163e-14 0 0)
(-4.26326e-14 0 0)
(-4.26326e-14 0 0)
(4.26326e-14 0 0)
(3.55271e-14 0 0)
(1.36028e-21 0 0)
(-2.13163e-14 0 0)
(-2.13163e-14 0 0)
(-3.55271e-14 0 0)
(-1.42109e-14 0 0)
(7.10543e-15 0 0)
(2.13163e-14 0 0)
(4.9738e-14 0 0)
(2.13163e-14 0 0)
(-4.26326e-14 0 0)
(-4.26326e-14 0 0)
(2.84217e-14 0 0)
(3.55271e-14 0 0)
(1.42109e-14 0 0)
(2.84217e-14 0 0)
(-1.42109e-14 0 0)
(-2.84217e-14 0 0)
(-7.10543e-15 0 0)
(-1.42109e-14 0 0)
(7.10543e-15 0 0)
(1.42109e-14 0 0)
(2.69433e-21 0 0)
(1.30665e-22 0 0)
(-4.9738e-14 0 0)
(-4.9738e-14 0 0)
(4.26326e-14 0 0)
(2.13163e-14 0 0)
(-1.42109e-14 0 0)
(-2.84217e-14 0 0)
(-2.84217e-14 0 0)
(3.55271e-14 0 0)
(-9.3738e-23 0 0)
(7.10543e-15 0 0)
(3.10186e-21 0 0)
(-1.42109e-14 0 0)
(4.26326e-14 0 0)
(-2.84217e-14 0 0)
(-7.10543e-15 0 0)
(8.52651e-14 0 0)
(-1.42109e-14 0 0)
(-1.42109e-14 0 0)
(1.42109e-14 0 0)
(7.10543e-15 0 0)
(1.42109e-14 0 0)
(-7.10543e-15 0 0)
(2.84217e-14 0 0)
(-7.81597e-14 0 0)
(-4.9738e-14 0 0)
(1.42109e-14 0 0)
(-4.9738e-14 0 0)
(7.10543e-15 0 0)
(6.39488e-14 0 0)
(4.9738e-14 0 0)
(1.15727e-21 0 0)
(-1.40289e-21 0 0)
(-1.05785e-21 0 0)
(7.10543e-15 0 0)
(-2.13163e-14 0 0)
(-9.56425e-22 0 0)
(9.9476e-14 0 0)
(-4.26326e-14 0 0)
(-1.42109e-14 0 0)
(7.10543e-15 0 0)
(-7.81597e-14 0 0)
(7.10543e-15 0 0)
(4.26326e-14 0 0)
(-1.42109e-14 0 0)
(-2.84217e-14 0 0)
(7.10543e-15 0 0)
(-7.10543e-15 0 0)
(-2.84217e-14 0 0)
(-2.84217e-14 0 0)
(1.42109e-14 0 0)
(2.0248e-21 0 0)
(-2.13163e-14 0 0)
(6.39488e-14 0 0)
(1.42109e-14 0 0)
(-4.26326e-14 0 0)
(7.10543e-15 0 0)
(6.39488e-14 0 0)
(1.13687e-13 0 0)
(-3.55271e-14 0 0)
(-9.23706e-14 0 0)
(-2.84217e-14 0 0)
(3.06608e-22 0 0)
(4.26326e-14 0 0)
(1.42109e-14 0 0)
(-7.10543e-15 0 0)
(2.84217e-14 0 0)
(-2.13163e-14 0 0)
(-2.13163e-14 0 0)
(-7.13474e-22 0 0)
(-4.26326e-14 0 0)
(4.26326e-14 0 0)
(7.81597e-14 0 0)
(-6.39488e-14 0 0)
(-1.42109e-14 0 0)
(2.13163e-14 0 0)
(-4.26326e-14 0 0)
(-5.68434e-14 0 0)
(-2.13163e-14 0 0)
(1.42109e-14 0 0)
(-2.13163e-14 0 0)
(-4.26326e-14 0 0)
(7.10543e-14 0 0)
(9.23706e-14 0 0)
(-2.84217e-14 0 0)
(-4.26326e-14 0 0)
(-1.42109e-14 0 0)
(2.13163e-14 0 0)
(7.10543e-15 0 0)
(-7.10543e-15 0 0)
(-2.13163e-14 0 0)
(-3.55271e-14 0 0)
(-7.10543e-15 0 0)
(1.42109e-14 0 0)
(-8.52651e-14 0 0)
(-4.9738e-14 0 0)
(6.39488e-14 0 0)
(2.84217e-14 0 0)
(-1.42109e-14 0 0)
(3.55271e-14 0 0)
(8.52651e-14 0 0)
(-7.10542e-15 0 0)
(-5.68434e-14 0 0)
(-7.10543e-15 0 0)
(4.9738e-14 0 0)
(4.26326e-14 0 0)
(-5.68434e-14 0 0)
(-4.26326e-14 0 0)
(4.9738e-14 0 0)
(2.13163e-14 0 0)
(4.26326e-14 0 0)
(4.26326e-14 0 0)
(-1.06581e-13 0 0)
(-4.9738e-14 0 0)
(3.55271e-14 0 0)
(-3.55271e-14 0 0)
(7.10543e-15 0 0)
(4.26326e-14 0 0)
(1.42109e-14 0 0)
(-1.70181e-21 0 0)
(7.10543e-15 0 0)
(-2.13163e-14 0 0)
(-2.13163e-14 0 0)
(1.42109e-14 0 0)
(2.84217e-14 0 0)
(4.26326e-14 0 0)
(-1.42109e-14 0 0)
(-2.84217e-14 0 0)
(-7.10543e-15 0 0)
(2.13163e-14 0 0)
(2.84217e-14 0 0)
(-5.68434e-14 0 0)
(-2.13163e-14 0 0)
(4.26326e-14 0 0)
(-1.42109e-14 0 0)
(1.62578e-22 0 0)
(7.10543e-15 0 0)
(1.42109e-14 0 0)
(-2.84217e-14 0 0)
(-2.84217e-14 0 0)
(7.10543e-15 0 0)
(2.13163e-14 0 0)
(4.26326e-14 0 0)
(7.10543e-15 0 0)
(-2.13163e-14 0 0)
(-7.10543e-15 0 0)
(-7.10543e-15 0 0)
(-2.13163e-14 0 0)
(-2.84217e-14 0 0)
(-1.42109e-14 0 0)
(1.42109e-14 0 0)
(-4.9738e-14 0 0)
(-1.42109e-14 0 0)
(9.23706e-14 0 0)
(3.55271e-14 0 0)
(-1.42109e-14 0 0)
(1.42109e-14 0 0)
(-2.84217e-14 0 0)
(-3.55271e-14 0 0)
(1.42109e-14 0 0)
(-3.55271e-14 0 0)
(-7.10543e-15 0 0)
(4.26326e-14 0 0)
(1.42109e-14 0 0)
(-1.42109e-14 0 0)
(-7.81597e-14 0 0)
(2.84217e-14 0 0)
(7.81597e-14 0 0)
(2.13163e-14 0 0)
(7.10543e-15 0 0)
(-5.68434e-14 0 0)
(-9.9476e-14 0 0)
(-1.42109e-14 0 0)
(3.55271e-14 0 0)
(2.84217e-14 0 0)
(4.9738e-14 0 0)
(1.42109e-14 0 0)
(-3.55271e-14 0 0)
(7.10543e-15 0 0)
(-2.13163e-14 0 0)
(7.10543e-15 0 0)
(6.39488e-14 0 0)
(-3.55271e-14 0 0)
(1.42109e-14 0 0)
(4.9738e-14 0 0)
(-5.68434e-14 0 0)
(-3.55271e-14 0 0)
(4.26326e-14 0 0)
(-2.13163e-14 0 0)
(-4.26326e-14 0 0)
(2.84217e-14 0 0)
(5.68434e-14 0 0)
(2.84217e-14 0 0)
(-2.13163e-14 0 0)
(-4.26326e-14 0 0)
(-7.10543e-15 0 0)
(2.13163e-14 0 0)
(-7.10543e-15 0 0)
(7.10542e-15 0 0)
(3.55271e-14 0 0)
(-1.42109e-14 0 0)
(7.10543e-15 0 0)
(-2.84217e-14 0 0)
(-3.55271e-14 0 0)
(6.39488e-14 0 0)
(-1.42109e-14 0 0)
(-7.10543e-14 0 0)
(1.42109e-14 0 0)
(6.84401e-22 0 0)
(2.13163e-14 0 0)
(7.10543e-14 0 0)
(2.13163e-14 0 0)
(-9.05295e-22 0 0)
(4.9738e-14 0 0)
(6.39488e-14 0 0)
(-5.68434e-14 0 0)
(-6.39488e-14 0 0)
(1.42109e-14 0 0)
(-2.84217e-14 0 0)
(-1.42109e-14 0 0)
(-7.10542e-15 0 0)
(-2.13163e-14 0 0)
(1.20792e-13 0 0)
(-7.75298e-22 0 0)
(-9.9476e-14 0 0)
(1.42109e-14 0 0)
(1.42109e-14 0 0)
(-7.10543e-15 0 0)
(-4.26326e-14 0 0)
(7.10543e-14 0 0)
(5.68434e-14 0 0)
(-7.81597e-14 0 0)
(-9.9476e-14 0 0)
(-7.10543e-15 0 0)
(7.10543e-14 0 0)
(8.52651e-14 0 0)
(7.10543e-15 0 0)
(-7.10543e-14 0 0)
(-3.55271e-14 0 0)
(-7.10543e-15 0 0)
(7.10543e-15 0 0)
(4.9738e-14 0 0)
(7.10543e-15 0 0)
(-1.06581e-13 0 0)
(-2.13163e-14 0 0)
(4.9738e-14 0 0)
(7.10543e-14 0 0)
(3.55271e-14 0 0)
(-2.84217e-14 0 0)
(-2.13163e-14 0 0)
(-3.55271e-14 0 0)
(-2.13163e-14 0 0)
(2.13163e-14 0 0)
(7.10543e-15 0 0)
(-2.13163e-14 0 0)
(-1.42109e-14 0 0)
(7.10543e-14 0 0)
(9.23706e-14 0 0)
(-3.55271e-14 0 0)
(-1.13687e-13 0 0)
(1.42109e-14 0 0)
(6.39488e-14 0 0)
(4.26326e-14 0 0)
(-4.26326e-14 0 0)
(-7.10543e-14 0 0)
(-2.49549e-21 0 0)
(-2.13163e-14 0 0)
(1.42109e-14 0 0)
(7.10543e-15 0 0)
(7.10543e-15 0 0)
(1.42109e-14 0 0)
(1.42109e-14 0 0)
(-7.10543e-15 0 0)
(-1.42109e-14 0 0)
(2.13163e-14 0 0)
(-7.10543e-15 0 0)
(-7.10543e-15 0 0)
(2.13163e-14 0 0)
(-4.9738e-14 0 0)
(1.42109e-14 0 0)
(4.26326e-14 0 0)
(-2.13163e-14 0 0)
(2.13163e-14 0 0)
(1.42109e-14 0 0)
(-5.68434e-14 0 0)
(-7.10543e-15 0 0)
(6.39488e-14 0 0)
(-1.42109e-14 0 0)
(-2.84217e-14 0 0)
(7.10543e-15 0 0)
(2.13163e-14 0 0)
(8.92428e-22 0 0)
(-1.42109e-14 0 0)
(4.26326e-14 0 0)
(2.84217e-14 0 0)
(-2.84217e-14 0 0)
(3.55271e-14 0 0)
(-4.26326e-14 0 0)
(-9.23706e-14 0 0)
(7.10543e-15 0 0)
(2.84217e-14 0 0)
(-2.84217e-14 0 0)
(8.52651e-14 0 0)
(2.06057e-13 0 0)
(1.56319e-13 0 0)
(5.04486e-13 0 0)
(1.66978e-12 0 0)
(4.56169e-12 0 0)
(1.23137e-11 0 0)
(3.30829e-11 0 0)
(8.73186e-11 0 0)
(2.26585e-10 0 0)
(5.77785e-10 0 0)
(1.44583e-09 0 0)
(3.54918e-09 0 0)
(8.54112e-09 0 0)
(2.01358e-08 0 0)
(4.64682e-08 0 0)
(1.04882e-07 0 0)
(2.31323e-07 0 0)
(4.98062e-07 0 0)
(1.04577e-06 0 0)
(2.13887e-06 0 0)
(4.25584e-06 0 0)
(8.22709e-06 0 0)
(1.54284e-05 0 0)
(2.80215e-05 0 0)
(4.92007e-05 0 0)
(8.33459e-05 0 0)
(0.00013591 0 0)
(0.000212807 0 0)
(0.000319051 0 0)
(0.000456553 0 0)
(0.000621324 0 0)
(0.000800879 0 0)
(0.000973225 0 0)
(0.001109 0 0)
(0.00117765 0 0)
(0.00115678 0 0)
(0.00104147 0 0)
(0.000848889 0 0)
(0.000614615 0 0)
(0.000380904 0 0)
(0.000182303 0 0)
(3.58237e-05 0 0)
(-5.98074e-05 0 0)
(-0.000116594 0 0)
(-0.00014817 0 0)
(-0.000165021 0 0)
(-0.000173802 0 0)
(-0.000178319 0 0)
(-0.000180569 0 0)
(-0.000181459 0 0)
(-0.000181361 0 0)
(-0.000180478 0 0)
(-0.000179033 0 0)
(-0.000177234 0 0)
(-0.0001752 0 0)
(-0.000172929 0 0)
(-0.000170537 0 0)
(-0.000168484 0 0)
(-0.000169591 0 0)
(-0.000194775 0 0)
(-0.000320155 0 0)
(-0.00100848 0 0)
(-0.00274447 0 0)
(-0.00253989 0 0)
)
;

boundaryField
{
    sideLeft
    {
        type            symmetryPlane;
    }
    sideRight
    {
        type            calculated;
        value           uniform (-0.288718 0 0);
    }
    topbottom
    {
        type            empty;
    }
    frontback
    {
        type            empty;
    }
}


// ************************************************************************* //
